094405
093431
123443
093444
114423
152405
134427
093400
102437
122435
093441
144429
134408
133440
144423
124443
094437
122400
103440
152403
153406
123408
094428
124420
133400
134435
144404
154448
152437
092423
134433
112403
153421
094425
144409
134436
154428
103435
134447
123430
094420
133432
132420
122432
094426
134406
113400
112446
122429
143408
112423
102430
113401
152436
124424
153421
112431
124404
132442
114432
113435
154427
123408
113405
103442
093432
152425
133431
152420
123447
092427
132443
134427
112431
114402
133433
114407
132434
154446
104403
144435
113447
143434
113446
153427
152409
092427
153420
113446
102426
122421
144407
152446
094443
124445
152405
094440
093442
104431
093406
