132447
93435
104435
152447
154440
123425
92436
123420
122423
102447
143433
113441
133431
103445
93427
133425
92402
152438
122439
143442
103428
142439
123405
144435
112435
143439
93441
92431
123406
102421
144424
124405
93436
92437
154402
104445
112448
153428
93401
142400
94448
112432
143400
152405
114443
133432
112405
132421
94429
102402
104440
114404
104446
132437
112407
123401
154401
124439
122420
102439
102403
142405
113433
103406
92400
112444
92429
124439
93437
102401
114421
122407
142439
92443
142425
134428
93409
112423
92428
143425
114403
103446
93403
123442
152434
133445
114400
112442
152447
122435
134437
154408
114424
144448
102407
143435
143444
152445
104438
93425
152440
133436
102437
133439
153440
134445
92443
103435
144408
152404
122448
154448
142408
133405
144442
112403
132433
94425
94427
144421
104428
92428
123420
144437
152400
132426
113405
154402
94408
142431
92421
142422
143404
142421
93439
124427
114403
94424
103430
103405
132428
152448
114427
123444
142430
134401
113430
122401
133409
92406
102422
103444
143434
112405
132425
103428
124435
124437
102442
113406
113429
123408
102444
112447
93427
153406
122435
142448
92400
124444
133445
103409
153446
133446
154420
92428
143426
123426
144437
92427
93429
143431
154442
104433
112423
144401
144404
132427
132442
114438
142437
122448
124425
92406
152448
144437
114439
102406
134445
94445
133406
134432
92433
103425
92401
92435
132423
134442
103402
143443
132429
114439
92420
143430
123429
103445
144403
103441
93400
122439
112421
93443
103400
114408
113436
103441
103434
142441
132436
143433
93408
143408
94420
154448
153405
104444
153424
132439
112441
132405
153420
152446
123435
124407
153443
133429
113401
113427
134407
133409
152405
122430
104442
92420
112443
102438
142430
92407
133431
92443
144420
124439
93432
132434
94430
143420
112408
114437
132421
132407
152423
94424
134444
142403
102437
153422
123402
114421
123431
93428
102404
124432
104424
154445
122401
102430
113432
154423
92447
152443
154431
152420
134447
124407
92437
133441
134404
153425
114448
102435
154407
142442
93430
142408
153429
103430
123431
93433
104401
112420
123408
143423
154408
113400
103447
93408
152431
94423
132409
154444
104429
124444
144401
93404
102443
93401
153433
142402
123448
103447
113446
122440
134435
134426
114435
92409
144402
132420
103404
143428
103443
134444
134444
124401
142429
103427
104407
153433
102431
113432
94429
154428
152405
103407
153444
102406
132404
104430
142428
112408
143440
133443
94430
102447
93400
102438
134430
112408
143406
144439
144421
144427
143402
93426
143406
142424
134442
92425
143433
124437
122421
93427
154437
154401
93433
143404
154431
153423
123442
154443
94445
124433
142409
113434
153431
154442
113409
134446
143441
152446
133409
114427
143407
134435
103428
144441
92435
92403
113426
152424
153403
134436
102405
123407
113403
142406
153436
112407
153427
153404
93443
94423
153403
104428
133433
112432
153429
123446
102444
93408
124420
153402
144408
113438
93434
132427
122424
153400
122425
152425
104421
104420
93430
123429
133438
134442
132428
152405
153404
104409
122429
144428
144408
112436
152435
132436
153427
104433
103404
133401
93428
124443
104435
122420
154421
104406
104442
122425
112440
92423
114436
144436
113421
143405
142434
133426
102421
133401
114447
103404
103424
113436
154447
134445
142425
112430
92423
144425
94437
132447
132427
142442
152447
113404
134430
144435
132402
113444
123425
92430
112407
114422
92403
92429
114408
132408
123441
103440
154430
93433
93405
124443
142447
154400
103432
113440
122422
114425
152421
153422
122443
112425
92446
133441
93434
103442
113429
154429
143441
102409
94431
112435
144423
92429
103435
154439
104407
104404
92433
93448
93421
94442
103409
123423
102444
123437
94445
152442
124403
104438
143423
133448
144431
93432
93442
93422
122402
112402
134434
122403
124404
102443
153432
104407
102424
133438
134426
123409
154422
123425
134405
154440
113446
113425
144443
114446
114420
152409
132445
92405
142425
122409
144437
153424
93422
112432
94443
104404
94429
143442
132406
94444
134438
142435
144432
152403
94403
113438
104405
122423
112430
142409
152447
124437
112438
103422
104433
122433
144427
113426
144441
143400
102446
144428
122438
134439
132432
122444
144403
124442
153422
102428
122426
154400
152430
154424
93425
134447
153439
132433
153426
114401
144441
124427
123448
124448
122425
152421
112422
93429
123448
134443
143405
112429
143406
133435
113407
134443
102447
153429
122406
123445
133444
154445
102403
133443
152448
102421
114445
122431
113440
124447
152440
93404
93430
94438
134445
142426
123409
142405
153423
94438
122423
122445
93408
103441
94420
124440
122431
142404
142440
142408
114435
122443
112435
113422
114430
103448
94435
142401
124427
153430
114447
123403
103420
104432
133406
134406
104435
123435
114403
133436
154448
122426
114426
142433
142431
153407
142426
102400
113436
92425
144440
134422
144440
132426
92423
94404
123429
102426
122400
143446
113428
153421
94437
133422
152409
93429
154401
113447
133404
134441
154447
142434
102430
154448
112432
102401
102443
112401
142421
102405
133434
102436
92409
134428
92409
92425
122431
133447
144407
152443
153435
143408
113436
144420
144442
133445
142420
143448
152434
103428
143424
94403
112431
92400
112402
104437
103444
133445
102403
144407
153436
93432
114441
152426
112406
153438
112425
143427
153432
152423
133423
133431
92426
144448
112404
113423
122408
143445
102428
143421
134444
133425
94437
143442
92409
92433
113401
92426
103427
143421
103438
132428
153436
94421
113425
94434
152443
104402
142439
154409
102427
153401
123435
124401
143406
132443
124435
152430
114404
123424
152447
153424
154443
154420
142426
124445
153420
154438
144435
144438
122409
143440
143429
122431
143438
123421
144445
102435
142433
152441
132428
104441
93407
123406
144430
154428
104429
132423
112439
144444
113423
154443
124435
102437
103434
142421
114425
154447
134404
132422
134438
144405
122402
113436
124403
112401
113408
113404
134405
153448
102440
154437
154427
114421
133428
144409
153400
94444
123444
153420
153427
124444
133400
102402
103408
133402
134426
133408
123409
113429
154420
142404
93442
103437
92433
112434
93426
154439
93406
114436
142409
123424
122404
114445
102423
152435
93420
154435
153447
124400
144446
134423
144429
124434
94423
113446
93424
152446
132402
154436
144431
132432
114401
113409
132427
132438
122403
124426
114438
102421
154421
134426
142404
113403
143405
133422
122402
142446
152401
142409
152429
92402
153401
112406
113446
152436
122441
154438
152424
104445
122430
153433
93426
144422
94439
124401
144438
153445
122441
143402
92428
153446
154405
144432
104400
104438
153401
92425
93425
153437
113444
153420
114435
133448
133409
92425
144438
92448
113426
134432
153438
132426
154445
113402
93422
102420
102421
94446
92405
104431
113408
144448
142446
152435
92434
104441
123429
143442
