152405
134438
113444
113426
102430
113432
093429
153437
124429
092400
102445
123434
123421
102434
113402
132400
122400
144423
132444
122431
153430
092446
143406
132448
094409
122423
103440
144439
134430
114434
113420
133440
143409
093446
122436
094444
094404
113439
094408
133423
154402
144441
152423
132404
132425
092430
102420
122436
123408
092431
114440
152442
134442
114405
154407
133440
154434
133404
143420
133446
124432
114421
112446
153422
092407
104434
144441
144409
134439
154431
112409
144409
122400
152448
123439
133441
094441
094408
103436
154435
094444
114407
142403
124409
113426
124400
134420
114435
112440
144406
104441
103426
104446
133437
102434
102404
122401
154429
104408
133442
132435
102429
103404
132434
114445
112433
124403
122445
093431
093406
092436
133446
154429
112436
122406
122441
134403
094420
123405
102430
142402
144421
152406
142424
124443
103430
143424
104432
154432
132435
113428
133436
113420
094422
133428
144402
152436
113424
112422
104444
113422
134436
142436
123438
122439
143406
134438
153440
094432
152438
114401
154427
113425
092439
134442
134440
132428
094432
132440
093404
152436
094402
154423
132428
153443
154422
132404
133446
104420
143404
123401
113422
102424
143421
152433
132444
094433
123435
153440
113426
143435
153403
134431
144441
132427
134420
124427
102441
092423
133436
122421
154401
093447
102423
094432
142448
122422
134447
142436
133403
113429
124407
112441
142400
102427
143406
133435
154420
152429
123424
152409
122442
144432
113423
113437
092428
122409
142404
104428
112439
104403
112441
134425
143439
124431
112440
144445
113431
144404
114444
092405
122445
103421
122424
152424
113424
123422
153440
102423
113433
142441
132426
132432
132423
092432
112409
134422
133433
123448
102429
122425
102445
124427
113408
103428
092405
142409
103427
154427
094447
132430
134446
134400
102430
122404
142442
114426
124406
144407
154447
143442
153434
152431
093432
103436
152438
133444
102404
093429
112425
144401
094426
133440
124443
112422
133409
094431
094407
154442
154443
123409
143429
092420
153433
104423
104409
113432
094431
152422
124408
133434
143400
132424
133405
133430
143427
142407
092402
132443
093441
152435
143408
132409
143427
094443
133447
094425
144401
133431
123402
094440
094434
132401
154409
122406
114438
112422
142409
112425
113437
134423
114435
142430
132406
103405
154441
093421
094443
124438
114432
112421
113402
093427
123443
144429
113445
122421
113408
134437
133437
133436
144401
094402
143424
144425
112434
104406
132422
103446
144437
124431
142437
113400
123409
153431
144425
144420
102437
113445
154426
114442
133445
123406
102446
123408
144423
132429
153425
104404
154404
122436
154430
102402
102403
094405
134405
112445
103424
093437
122436
113400
142442
102439
114447
153437
093401
094437
152421
114404
144432
094430
143425
092434
152431
143426
142436
144429
142430
092442
122425
113400
122400
153421
133435
114434
124427
133431
143441
154446
094424
112403
122446
102422
152430
102401
134428
143432
094422
142401
123421
113438
134448
152423
134445
134420
132427
113407
142434
113447
134427
133420
092407
124444
112431
124429
133447
154423
143434
122423
092438
123406
112405
114423
093432
104405
134446
123440
124407
153434
094433
122445
114405
104441
154442
153446
103407
092407
123402
143406
093434
153426
092426
153409
133403
124426
143429
102402
142400
134432
104428
104447
153446
144447
154425
123406
092423
122445
143430
093437
142443
124403
132404
134403
152433
094430
143409
093438
094409
093443
103431
124405
114426
144407
092443
134439
142443
123422
133437
102421
152428
142435
122434
113425
093405
114427
143440
093422
144427
153420
103423
093431
094405
114402
133425
143433
124426
153446
132432
102435
103437
093438
113403
112404
154428
143439
104400
124422
092423
114422
113424
092427
154438
133446
123406
104432
153427
103406
134400
112446
122445
133407
093424
094429
122442
143426
092407
092420
154431
104428
134436
152407
114400
092425
103438
133407
124402
132429
114403
093423
132427
152445
144431
103403
144435
104444
144433
104444
102446
103444
144405
142429
114409
133430
114424
092420
153429
153444
133431
144400
092430
104436
103425
153433
113435
092402
142408
092405
154427
124443
132434
132433
093421
104445
114446
094441
104437
154426
153445
113400
153438
144434
094408
124437
122424
114435
123440
124405
093406
134425
092409
133404
122422
142422
143428
142424
132447
123407
092421
094447
132425
104436
154400
144402
093436
144430
144440
154404
124420
143439
114401
153408
122407
133402
102447
134442
093435
094429
114447
102431
152429
143439
122426
134436
104407
094435
123430
123448
133439
142428
123400
113440
114401
144440
093427
093446
153436
133436
093421
092440
112420
133401
143430
144428
142429
152447
094400
094406
092427
154439
133437
092432
103402
103431
104425
152435
102445
114445
142409
144446
103435
093448
134431
143400
124443
142441
153400
112448
104435
134423
142448
134406
122400
143437
123427
104420
103409
104401
144402
094441
094435
093420
113446
094400
133441
154407
112444
104440
094420
113402
154402
113443
152422
092436
134404
154437
102444
142422
094446
132402
154425
152427
094432
154446
093405
144443
102432
132423
142433
094403
154432
132437
093434
134445
153434
092427
122447
122422
154422
132446
152438
123446
113447
103404
123406
114446
114403
112420
144423
123404
122421
153443
124433
152440
142445
154404
154407
124443
132438
154442
104425
123408
122430
154444
093424
104423
153406
104438
122401
152427
144430
094438
122426
093426
152423
123429
122403
124438
132432
124408
112423
144444
134444
152400
102427
132422
113409
092404
114448
134409
094431
153434
154438
114427
103429
114448
113442
114427
152437
153434
102407
103441
144431
152423
144423
102401
122427
132404
114441
124432
154448
113429
143445
154400
102405
104424
133433
142432
094437
122424
094430
153447
153421
102448
134434
123427
134400
124401
113437
153434
093447
114437
124435
112429
124442
124433
094442
154437
114445
133442
144446
104404
143401
104437
094420
112433
133438
133432
112426
122432
132405
092445
144405
124435
153403
143425
103402
152438
153402
102425
102407
093433
134402
143431
103436
114444
103433
153408
143409
142438
103427
133432
152444
132439
144447
102443
092426
152448
094447
114441
114420
134435
112401
154423
124439
114425
133421
133435
094420
092443
122445
124404
153406
093424
123400
154408
124430
092404
114428
092430
133447
103408
114448
113403
103430
153433
112445
102405
103440
104406
112440
124441
123424
112440
153443
124405
133427
093434
144407
144420
122403
154400
144421
113426
103436
122426
104446
104442
143439
093405
124421
093407
144430
153426
113443
134401
152424
132436
124435
093407
134423
152437
144437
152422
133431
124402
142427
153447
152425
122407
094444
142402
104442
152445
134431
104427
103428
104407
154445
144430
144441
093436
144426
154423
092408
144435
093429
092402
102401
154422
094432
152428
124444
142443
114423
153428
133430
094432
094445
133426
114443
103443
113428
112446
132408
124435
152424
094421
113446
112441
102446
102434
153440
104440
093445
153441
102433
134420
154400
124427
092436
114443
142442
094438
122428
114443
113445
113434
144422
114405
153429
093401
112430
143444
152426
142405
094434
112422
143427
114408
152421
124401
153404
102403
112430
102420
154421
093442
123436
093447
123425
092437
133448
093433
154438
092406
142420
104430
143403
144428
153445
152441
102446
102428
132406
104448
144421
103429
134433
143420
133437
112420
124445
103428
093408
133405
143444
092436
134424
122442
144447
113420
153439
102435
123421
124400
123432
154423
114432
143405
103403
153421
142407
093409
104447
103443
142426
103430
114433
112404
122431
102403
112429
114447
133401
104402
092422
103408
113424
102429
104427
152426
112445
132424
112443
113431
122443
153403
094428
152436
114448
123429
124403
144427
102404
122427
134447
144435
153442
114439
122402
093403
092440
093436
103420
124420
152433
104441
132442
142404
094439
133422
152432
092442
094440
153404
144445
093438
103432
134403
113433
112404
114404
122421
114439
134420
093408
092443
144403
154430
153421
094436
152444
102442
093437
152427
112420
094448
133429
144438
094435
132426
092425
104435
093421
123427
152429
092423
134430
093408
112441
093431
134432
122444
112406
143434
153406
093403
134404
112429
142428
093430
143431
134442
143428
124409
122425
122446
112437
144406
134441
134401
133439
114420
094420
134437
112428
112433
154442
143422
093407
144436
142427
143420
123421
122442
113403
124448
152442
154426
124433
094431
123441
103431
112401
112426
154427
134424
152420
153437
114402
153446
094433
092437
094441
113401
122438
103430
094428
092439
133447
103433
144434
104440
104426
112448
104438
152432
123439
143408
124404
144435
144440
124400
114445
153404
124401
152443
142435
143423
113401
143420
134435
144427
104440
123401
143408
104439
144408
124426
142427
114435
132401
132401
104436
144434
104404
152443
092405
154424
152433
133445
093439
092442
102426
123443
133447
092408
124446
152409
093435
132425
104402
093428
134424
113408
152405
114440
122424
132427
103422
094429
103402
152403
133421
113448
154422
133426
094426
152430
102435
103442
113409
144448
124442
093431
153439
122404
092432
113434
113442
102425
103425
143409
144440
112401
153443
093431
114447
132422
142448
124437
093403
103432
134424
124434
154408
094401
152446
122431
093439
122420
154441
154409
092436
113432
124438
152427
103423
112426
124429
144406
133424
093448
122402
112436
102425
144424
143441
153426
134428
152400
104448
142440
103433
133423
153443
123436
123444
152430
094443
122437
123426
092426
152430
102437
132424
104401
112434
124434
154407
092442
124404
124436
102443
112445
154424
122430
103448
094435
132429
123423
132441
094402
123425
122432
122439
132437
093447
124444
143444
142441
154406
104430
133421
134403
103423
144401
154446
132425
153446
103429
092421
103440
102437
123438
102431
144446
133441
133432
104436
094405
152433
114441
132407
143426
093432
134420
143421
152425
102430
154432
094401
143423
133439
142406
154433
123400
153446
132427
153441
113443
134423
144440
104421
114409
112431
142447
153409
143436
094426
143404
104403
144437
133422
103435
144422
093402
113439
122439
093405
113442
142443
094440
112443
142424
114432
093425
092403
133444
102431
133443
124422
134436
153439
113443
102423
123425
144427
112429
142406
094436
122437
094426
142406
094434
142434
154445
134448
113421
104433
092439
142448
144423
133441
124405
123441
102434
132405
104438
092424
123436
114421
122406
153446
143420
103437
104422
133420
152409
123432
144433
134400
113443
144438
094437
134406
153438
092444
122437
123447
154435
103426
134444
133401
154424
104401
153423
094403
144424
092426
102402
112433
103423
123401
132444
154441
104428
123448
114436
144406
103436
123423
153438
123420
103405
092431
114406
152441
134435
094436
143438
093407
123441
132407
113404
102402
123421
093441
132434
112436
133435
092441
132408
123420
122441
104401
123404
102430
153422
113425
093430
112443
142436
153441
142434
112442
093424
113447
112421
143441
143423
122442
142431
132406
092439
133405
152427
113439
124405
092440
123434
133422
093446
092425
112402
122421
143403
134430
104436
102406
152436
113401
134437
132448
152445
092401
132444
114442
142429
144421
102433
093437
102400
154438
133429
123433
104421
154427
152441
112408
154440
124407
122429
092420
103438
132431
154438
122428
122440
124438
134424
102430
133427
114425
154401
092405
132421
124446
134429
143436
123446
102434
093427
142439
132403
142448
103434
112420
143439
094407
152408
153441
113421
134406
142407
123440
142439
094438
142401
143402
114438
113401
134442
123434
113445
102408
153445
152408
114407
113421
143400
133428
152408
103409
103403
104405
142431
154405
123447
143408
124400
152434
154409
144409
133433
123424
142400
134406
112405
143425
133420
104435
142447
152425
103406
154434
122409
102405
092426
144408
114432
152448
104431
092432
132447
122407
154402
133432
112430
152439
154404
112403
142431
144434
114435
123440
124422
134400
134431
123446
124447
102428
114405
134409
154444
124404
114421
112434
153429
142445
154439
134404
144428
142427
142422
132423
144446
143422
154441
114448
142448
123440
144445
093442
133406
114424
123423
094442
143445
143440
133435
152426
154403
122438
142402
134435
104435
122437
094421
114406
152430
132437
094431
113400
142443
104430
124425
113424
123431
123423
122432
104429
123401
104404
144429
112435
142428
094427
144427
143442
154448
123423
094438
124409
104405
143436
102431
093405
152447
144403
102448
133430
103428
123439
123443
102434
103428
114424
112431
154435
094429
133421
103425
142437
113447
122424
154433
133447
133448
154446
124445
154407
123402
152448
104429
143429
124440
092431
142402
092407
114447
104405
123441
102437
123421
124405
134403
132444
093409
122443
154430
094423
112431
122407
122431
123403
103448
143401
143448
113400
104420
092446
144447
113435
143421
092427
092435
142441
134420
122434
122445
102441
154424
092409
133403
132421
123431
114446
124423
104447
134434
143444
144428
134428
143445
102447
144409
102442
143448
153435
123421
122423
152429
123422
104408
104441
114438
104402
094446
114443
103420
112438
152429
093434
104448
134422
112420
134443
113435
103431
112448
094424
102430
113421
103434
103401
133425
102430
143408
122443
152432
152432
112400
153442
133403
153438
143437
122447
093431
134406
102433
102404
122439
093402
113442
112440
152422
122448
154435
112422
104402
123423
093424
152427
153405
142442
092424
153426
124421
104423
114405
122445
093425
122434
153438
123439
132436
104436
114424
134404
144440
133436
132443
112438
133427
123408
102409
113433
102431
144403
092421
112444
133444
153426
104447
152447
114421
133423
144409
123445
142404
123447
122439
122406
104440
113408
123436
104407
124425
153405
102440
114423
122406
123402
153439
092440
112421
132426
094424
154441
094440
092409
093401
133448
134444
124442
133432
093406
154444
132424
152430
094428
122443
114448
114434
153448
093424
153437
124429
143439
144420
103421
114444
094421
094409
092424
152420
132439
153405
093407
142423
153441
134423
152444
132401
094431
152422
113440
132446
113441
094437
102445
122448
133401
143423
142409
123445
132441
144425
093445
152408
124423
144400
092424
144424
124400
134439
094436
113433
122409
113446
122400
123425
132428
103433
132427
142422
143430
134430
113426
103428
093436
113424
102420
124436
093432
092445
104404
132430
144429
123442
113400
124432
132425
152444
134400
144400
152448
112421
142439
152440
094443
094444
154425
093427
104439
092440
114441
124436
103437
093422
093428
132427
092422
092434
104430
142409
092444
144420
153423
112427
153440
123400
123428
122428
114421
152402
094435
152409
122426
103404
122441
122427
112429
092401
142408
104408
094402
114422
094447
133443
113436
123448
094429
102404
114442
154440
152446
143425
103424
114438
143442
142424
143447
123427
103430
134441
132445
093445
133422
093421
142443
113420
122438
102400
143441
122401
142408
134423
092425
112403
142447
102443
113405
114420
124409
144421
102403
093429
133435
114431
134402
094431
094443
113430
112448
142445
142436
094425
114434
153444
143431
124406
093448
153402
093430
143443
114441
124406
144441
103446
142405
102409
094406
093435
094425
103441
142404
103421
132421
102442
104440
142439
103400
094434
114427
124443
132434
122435
152426
124423
143425
134425
103435
124404
134432
102431
153440
122402
153448
132436
144402
113421
103443
123403
103433
122403
092407
114432
143406
112442
154427
114425
152437
153448
154444
122424
102402
132420
134447
123403
132430
132428
104407
113403
123406
114423
153445
093430
124436
103404
112424
153406
144402
134445
124425
133423
153438
102446
123433
134447
114403
124421
123427
104443
103426
152432
094439
123444
134431
134425
094408
104429
152405
122405
133434
114408
122431
122447
152421
123432
093402
092401
123405
114432
122426
132436
142420
132425
112423
142423
112429
104433
104436
112428
114408
113442
154428
133441
103420
113423
094408
152408
114434
142408
132429
104408
142443
113427
093421
124400
114442
124428
122444
152437
144407
124401
144401
112423
112409
103409
102441
103429
133444
144444
092422
102405
094403
132437
092442
114401
113441
123437
154423
122428
123439
104439
114437
123424
113438
154442
144445
122403
142429
094442
094437
114426
094405
133408
093408
123422
152422
102407
092428
142427
114440
122431
094444
113420
132430
093448
144409
113439
142422
094431
104438
152439
152446
132432
113438
104433
123407
124447
133437
094441
102429
143444
142440
132441
113433
134446
153441
144433
142434
154409
112422
092422
094408
102426
104445
154406
092400
124438
124435
143404
114445
132408
124440
144409
092403
134439
112444
133447
094444
134427
093407
144443
133437
112439
152400
123437
122431
142438
124445
092401
153403
094422
144401
143433
132427
103434
093440
132408
144423
123424
114400
123434
094405
132423
094428
103432
152434
103403
144408
094433
104405
092436
144423
123407
142432
122437
122425
113437
154403
122406
103432
132440
144437
124406
104402
143444
144435
112441
133429
103428
114444
133437
132422
154402
154407
122425
133444
112443
152439
092427
142427
092400
122401
123441
102435
153422
112405
123441
122436
134434
134427
123443
122443
104402
142438
114406
144405
093439
154426
152442
103426
113443
114425
112402
114439
122437
113430
134433
132443
104407
114446
104420
103401
122432
103443
102443
143433
144403
094422
134442
102407
143423
154403
122406
154401
104405
114432
102429
123400
124440
112403
093432
134425
104424
132444
142445
142422
143441
134439
134403
112443
114402
132436
134424
102426
113421
133436
113421
092429
133432
102429
152422
154400
103444
112407
152444
093423
153431
093408
114436
104408
154405
133440
132400
092407
113436
134440
133429
094431
094409
112435
153424
112407
092426
154425
112403
154435
113441
142423
112437
124425
133408
102422
114402
124423
154437
152429
103424
114429
132432
123446
154406
112429
094402
112401
142434
112444
154444
143425
153448
112429
132430
143429
103445
122424
154432
134442
144430
153407
093437
123430
144441
103409
114420
092436
143432
114406
113425
092401
114438
092448
144400
134400
113423
142404
092441
094430
113443
113448
103433
114434
144432
092447
112445
114440
153403
152441
104439
114426
134404
133448
093446
113406
094432
144430
123430
134405
123404
104400
122423
122432
114423
142405
112403
142447
094436
102429
134440
134405
153403
152422
102408
142442
152400
113403
154448
143442
132422
143437
093433
124401
142428
093441
103437
122406
152441
133441
104405
113426
144436
153421
122446
152444
142438
123441
143441
112442
102405
134424
134446
144409
092438
094428
133427
094448
153427
132401
133420
132402
144427
134421
144448
092402
124424
103440
092426
103407
114440
104442
094443
124407
142430
122428
133441
092432
142431
122406
122421
134442
153447
112439
103426
154404
134427
124426
152406
104409
142423
124403
144406
154420
114428
103404
134420
154433
102407
122408
112445
142446
112409
142438
123425
114405
114434
133444
143428
153401
113442
144433
113434
092421
092429
142430
122426
123444
092442
143421
152425
113426
122437
133439
123409
123407
102423
093441
152429
102443
124422
092437
114400
142423
093434
143427
113406
153420
154435
114426
112404
154431
143430
134406
124441
092433
124426
152402
103425
104424
093420
103429
124435
123403
133435
122427
104434
142422
132409
133445
143404
114402
132404
153426
092423
143429
103430
144429
092407
103429
124404
122443
152438
132444
152422
103448
113445
113438
093408
122406
093423
104428
144448
093407
124428
132437
122405
133402
102435
144403
113445
143404
104442
132422
142443
103436
103420
114420
103425
112447
144407
114425
104436
153404
153421
124445
124436
153406
113438
092441
122442
132425
142430
103436
094426
133436
122407
124448
104447
143408
094446
154404
133409
134436
123434
122447
134404
122439
132406
152434
103429
144435
093406
092420
153439
112444
122432
144433
152400
133439
144424
103445
094433
132422
113423
104441
132440
102426
112400
133435
154445
114408
102430
102440
103424
142400
134408
142445
142409
104447
124447
124401
094407
154436
122442
092429
134429
113434
132439
133420
153424
114400
133409
132409
113426
142422
134428
142401
094444
112402
122421
102422
104427
153442
114421
143404
114436
094434
153432
123429
104423
103400
123445
142447
134424
132402
113442
114400
102441
152430
114433
152447
114403
133400
114424
123432
103408
134429
104408
152407
144423
122441
092405
152439
132422
123445
123439
112444
113408
134423
153443
153429
122405
143429
103432
154446
113405
124442
142434
153406
112439
142402
092440
144407
134443
104425
144444
144438
124436
092447
133407
113409
153440
154448
152402
122404
094432
134424
133443
134443
152426
104436
102431
133420
113425
104441
143403
102432
123440
102404
132403
112438
133409
154429
134427
114446
114401
152426
104432
132427
142401
152404
093409
122403
102428
103448
132406
104444
154445
132431
113425
093429
104446
142426
122434
133421
113428
104402
103439
123404
092403
153440
134406
123420
112441
152442
093401
134440
114407
122420
112405
142436
093427
094427
124428
132435
143421
112409
113427
152433
112400
093435
153420
103436
112444
103437
152426
142447
123404
114435
153435
134445
112436
152400
104438
103434
092440
104444
132425
152427
103440
112429
123408
122437
154421
113428
104440
153448
114433
113437
112408
134405
102426
153428
142421
093444
132406
113402
102422
143428
152430
153430
102441
153426
142441
104422
112438
123440
152435
144438
142402
093429
124421
113446
104446
114447
104445
114447
143424
113446
144438
144421
104448
143402
122429
122430
142404
103426
134404
093443
123444
144406
092435
154420
093423
133422
132422
154443
144439
113443
134438
152422
153441
152407
132428
143435
132435
133440
103429
102409
144436
114446
094432
133446
132429
143425
154437
134406
093425
122405
134430
102446
143420
092445
092440
143448
122405
124445
143441
133439
092431
123428
104446
144422
124433
114443
112443
154422
103447
144432
142425
113402
142433
152442
102424
153429
093400
133427
154448
103405
114424
132406
134435
092433
092440
124447
102424
143439
142424
152441
113408
092447
132402
113409
092400
114421
122430
143407
094432
102433
114444
153406
102425
153427
123439
093426
122443
133409
152445
134404
094437
143425
133424
094400
154437
123438
144440
124443
123400
102403
152439
152440
102425
154407
124427
093433
144444
104400
092408
153405
112422
144406
144422
114424
133431
114444
123406
114438
122432
093422
152423
153406
152428
093400
112446
152445
152430
112404
104437
114437
142444
123443
103436
142445
113406
143403
144437
094445
153407
112409
112425
093435
123438
124428
102445
112448
153447
142441
092408
134448
102426
122440
132427
142402
142429
134431
132446
144427
154424
134422
094430
092437
152406
153408
134437
144448
114431
094441
152407
123435
142422
154425
104437
093403
152443
134420
104443
134438
154406
114421
112437
092429
113432
123430
112432
102440
102401
092427
152401
133423
112408
133425
122422
112441
133447
142404
113428
093407
113406
152433
143431
102403
152423
102445
123439
154431
093445
122400
124421
142441
103423
124447
093409
093400
104433
134437
133439
094400
113406
143443
132427
113431
153403
134405
152405
124438
112422
132436
154431
152446
142448
144446
102448
094401
122432
113425
143431
142436
093423
094437
124437
093423
114407
103408
132447
132407
114435
133426
132435
133436
152440
154433
103439
102431
124436
152430
123402
134421
133431
142406
122441
104403
142424
154436
102431
144442
112402
112427
133445
114430
092405
113445
143434
143423
124441
153434
153423
153425
154408
134424
142429
104429
134442
134428
124420
103401
112425
152409
154433
124440
144439
123446
102443
152420
133404
132428
093448
114442
124431
144426
112426
112441
114421
094400
122437
113443
152439
124438
144422
122438
134444
142404
152423
132446
102442
152438
144425
112436
142421
133441
102422
134438
103437
104443
142444
123434
094404
132434
133426
114437
093428
094436
113429
114425
104435
114443
132444
133407
133438
113442
104442
113421
103428
103424
094441
152427
143432
132442
134423
144407
123437
132432
143436
142446
142442
132442
153434
122432
154446
123446
144439
103429
104430
154441
114434
113448
103444
094427
152446
134436
133401
094424
093409
143435
113422
132435
144434
092442
103409
104427
152403
142437
112439
093406
143405
152437
094433
154433
092434
092404
103442
104400
092446
132429
114405
122424
133402
094403
124441
153448
112402
124428
103434
123407
094425
093440
132446
123401
093445
132448
112428
134439
124431
103425
104421
114408
154430
134423
133448
113443
103440
094402
094401
143437
133437
134433
154423
133439
124432
123405
152443
154407
124403
132434
122421
153424
122437
094442
103441
104422
094409
124438
123401
112446
142405
154407
134404
092406
102434
142441
144425
134428
104403
142442
123403
102443
153428
113446
092401
113423
144431
093405
112400
123442
112430
144433
092401
154402
104429
114435
102429
103425
123425
133404
102428
153442
113420
153448
094420
102432
152400
152442
094436
104409
093436
152420
093435
144422
113431
124430
152407
112441
104420
094407
114432
104430
133402
114438
092441
092440
142437
113406
092400
133440
134403
123437
132405
132405
102432
114445
112440
112424
114420
134403
154424
102428
104400
113442
094427
122400
143429
152427
122432
124440
143433
134433
122438
132439
154427
142403
142428
143440
143440
124405
133423
114432
092445
103427
152427
133427
142441
134446
094429
133435
092409
144436
103425
113421
154429
093445
092429
124434
093443
092405
142434
092442
102438
093447
104444
102406
144422
142440
122445
104440
144439
102422
094425
093425
094440
113424
133423
133448
132432
123435
142424
142428
154436
093447
153438
134440
124406
092432
094431
153407
114400
152444
144429
092426
094420
122435
102430
144403
102428
092404
124429
103444
103436
123431
093447
152444
112424
144446
113404
102405
133442
094428
123436
144405
133402
112425
124434
152433
113439
103426
133441
153402
154425
103435
124432
153426
094430
143436
134406
093422
124426
143421
132442
122442
104409
142426
154407
103421
153400
103425
123421
154435
153448
092443
093441
103431
094441
143444
143437
123444
153446
122437
124447
153420
103447
142405
142446
144438
152408
144425
102442
104421
124448
092421
142433
094423
114438
123401
113401
134407
094434
102430
153401
123439
102446
133446
143406
143442
093428
132420
122439
113408
123441
144440
114422
092441
132438
154405
133423
104402
133407
132445
122421
132403
112426
142448
092442
134446
122402
093444
122421
104438
134405
144428
132428
144437
092436
123425
093408
114421
112431
093401
103426
093446
133437
113438
124422
133430
152441
134400
124421
102408
094428
114427
122404
113420
093433
154428
094409
134439
143408
154421
104428
093446
092444
094448
142432
133434
112447
103428
112402
144434
134405
112420
122407
123442
154408
154409
113408
104400
133432
153428
093427
142421
154437
094403
133430
112429
122428
132436
154400
153443
102445
093445
124423
142420
124431
114443
154403
102425
122407
094422
144445
154409
153407
132400
103444
102442
093425
124439
112403
113442
143448
122439
114408
104430
134434
114440
152439
093433
153440
153422
143436
113432
114428
113424
143424
092431
092404
153430
114442
143447
092436
113434
152404
143446
152441
094434
134403
152404
112423
093446
134402
134401
112424
094443
112436
102448
142448
153426
132432
123444
094405
104445
132424
153422
104445
113427
153434
103447
144407
103405
103405
123442
112401
134428
092422
132445
133442
142435
144401
152429
104445
093408
134437
134444
092421
094400
154435
104440
153430
154426
124401
103434
153405
103407
113405
144424
152427
124409
092445
122430
103431
154432
094435
094443
132448
122420
102440
134440
124442
112436
093432
122443
113438
112440
112442
113438
154436
122435
154403
093430
144423
143425
144431
132446
114447
132437
094440
144408
142448
152439
153401
152433
153448
143448
112422
103408
144409
132420
112402
133404
132448
123435
113433
144403
133429
152433
113426
142425
092424
124422
093438
093439
122430
094404
114404
104440
113400
092437
113435
152446
094405
104434
154428
112438
152409
142426
144433
103435
112436
144403
113401
092401
153434
104426
092431
104406
114431
093447
122443
153429
142435
124403
133445
144402
092446
123436
104444
094405
123445
142409
094445
154443
133421
113406
144404
132444
094425
152442
094401
142400
152442
153429
143442
102405
103441
143424
133407
133421
154428
104403
143424
154423
123420
153447
143439
143401
103408
114403
134447
114440
154442
124431
122400
144434
103402
114435
102427
104433
102425
143403
094446
103402
132434
103430
143427
103436
104404
102427
143437
143438
153408
122445
134441
103436
114431
142445
112430
153439
154409
144440
153423
104441
104442
102435
104409
153408
153443
132442
092444
144439
132441
122434
142424
133421
143409
112442
142422
092447
154442
103427
102402
113424
094425
103425
102429
112406
102443
143435
134407
142423
092434
093439
124423
103443
122437
104407
132441
103430
093440
144435
154422
114423
142445
122444
092429
123427
123427
124421
132407
094401
104408
092427
104430
133401
142436
123441
144433
152435
103407
143407
123427
103445
154432
112436
094447
122423
094446
143435
102446
113400
154443
094424
153448
124430
152447
102429
103447
093441
124444
104440
124423
133429
102409
152432
113424
134432
122437
114426
103428
143401
113408
093408
112435
152435
103445
124426
143441
113447
114443
092431
134424
144435
142420
103439
132431
094403
152441
114408
153439
134402
112444
152421
114445
124443
122422
092402
144406
144433
124400
153425
122427
094404
132424
123448
113422
132409
152427
104437
112402
103429
103408
113421
122447
143404
113407
093436
104429
113401
134432
092430
144404
124421
134428
093409
114435
143439
104428
093421
124444
122407
104409
124446
143439
152447
094409
103423
102439
093427
143434
154403
153437
104446
113447
102440
154438
104408
153427
112440
133435
093421
113440
143409
113441
103408
143423
133405
142438
122438
102436
104431
132432
103403
152440
102437
154440
144421
142424
112402
153443
134403
113407
092405
154405
143433
133402
132438
143446
154434
093445
093433
112401
113400
103435
154427
112435
134436
112434
133421
123447
123404
143431
153431
123403
144445
092429
142425
094429
102406
124401
093424
153420
153401
114425
103448
092448
093442
143443
134446
144434
142441
103435
122439
154400
123441
144433
154436
102409
093427
113420
093400
133408
134406
122402
154431
112420
093437
144435
134439
144409
093403
152429
152436
132439
113436
123420
123446
134447
133437
103430
102444
112406
112407
134439
144433
124432
092420
152402
122424
133446
132409
102420
122444
102448
112430
143438
094431
132405
154445
114421
143433
132432
133406
113424
133442
123445
092431
153408
102429
112423
153402
154440
092437
094425
114434
152403
094442
124448
132402
093431
143428
134406
123445
122436
143424
143425
112443
122448
124439
133428
112409
112438
104420
093434
152428
142425
102408
144442
093409
154443
123431
103424
132443
112445
124406
093432
093404
152430
134433
142432
094441
114445
124428
113443
093448
092404
144434
122420
102438
142439
112425
114439
143407
102408
152423
093427
134401
153408
144425
134426
123426
152401
154440
112404
103434
123448
123405
143400
132436
133420
093441
144443
144429
124447
092429
112408
152425
132432
142432
093435
092444
112423
124435
154400
112426
142402
093425
093443
113430
094435
114445
122439
124423
122408
103429
143426
094422
134421
133407
104434
133435
093432
094432
132442
123404
113406
102440
113439
143434
132406
152423
094421
144428
153430
102444
153422
134438
093446
143421
092409
122435
124404
152423
112431
092425
094404
092428
144420
123422
153405
133425
113400
092402
143431
094401
143436
133430
132437
112422
104427
143438
123429
133437
152438
123446
114443
133407
133409
092401
134407
113426
143447
094436
142408
123433
114407
152401
092422
144407
134409
132439
124441
153431
154428
134420
152423
123423
133429
144427
152445
123440
092424
153400
102403
094448
133423
114439
153426
143404
144438
104437
153442
122431
143435
142447
092439
152430
112443
114443
094433
154425
092422
102400
122441
132426
114431
092402
133431
093400
134427
124445
153432
113442
124423
144441
152447
122407
092439
114433
124429
152434
143404
102407
132427
122430
154403
123402
124442
144430
103440
114403
114404
104435
133447
123430
153423
132427
153437
142438
142441
114421
094401
124444
102447
134421
133446
152421
102439
134420
154430
092446
132443
122423
092426
144438
122428
142430
094447
122448
123423
092444
153446
152401
123447
094425
143423
143441
114448
094434
104408
123430
133435
112405
132443
092447
132439
094403
114440
124447
102443
154435
103401
134428
134447
153403
094401
143431
144435
114427
102423
102433
124432
144442
134447
102406
153405
143405
122443
093439
123440
102430
104427
104426
122442
103401
102408
102436
113423
154400
144400
112400
103440
102421
124437
094406
144437
153432
122423
113402
124445
102430
144446
103423
094406
113421
142406
142406
102427
123445
153447
104409
144426
132437
103405
134448
132427
153426
092426
094437
152425
112447
092400
143405
133400
124430
092420
102425
093407
134425
104447
092430
123422
094408
113445
153420
113409
134430
143401
124408
092447
134447
144405
152439
094436
114425
152421
133432
114441
102406
143401
153429
102435
103424
094428
154430
123442
092428
143431
093423
092442
142423
103444
153442
103424
153428
143443
143408
123447
142420
133440
113440
144429
132440
093420
123432
153409
133421
133445
142442
132406
123420
142426
152406
142448
152443
123432
133403
104433
092439
123421
153438
104439
132440
123409
102430
124425
114445
143447
114422
093447
124400
154407
124425
114432
124407
103401
112401
093432
133435
143421
133424
134400
132400
094437
112430
102435
124406
153430
102401
104406
112403
144425
094433
092426
102427
154444
154409
142430
124438
102428
152437
104429
152433
124441
094444
102423
132445
103441
104448
104421
123437
154429
132436
153420
132403
103439
132429
104444
154426
094423
114433
104434
132432
122408
133433
133426
104430
123435
124404
133429
154423
094431
153428
143428
142446
124422
092433
113401
122420
142435
093436
143431
134420
114445
152422
133404
134420
144435
103437
104434
123425
124438
113400
122407
132400
152420
154421
143434
092435
114432
133440
133404
104439
133448
112447
104445
123405
104403
143408
132425
152403
153433
113439
143439
134434
094421
154427
153439
134403
122403
132421
153437
143422
093427
123439
114427
122421
093409
104447
152430
104438
104426
093421
153431
153440
153436
103407
113437
103441
123405
153428
152436
092445
092404
114429
123435
142431
132446
133424
102435
144443
144427
134402
142446
134440
134440
144406
123441
122429
143445
104424
154445
112424
112431
142430
144422
123440
144446
103431
094423
124430
133407
092426
114435
153431
104400
133429
153428
154442
133403
113434
154441
102448
134436
134441
143443
094444
153420
113402
132405
113442
133440
152400
144431
112403
153401
154436
154405
133434
132409
114442
094420
113440
092402
153437
153443
122436
123423
133420
133425
112439
092433
134404
154428
104427
154440
152443
113425
104436
144437
112443
142444
132446
143432
112430
124430
102426
093441
142407
112420
112435
124421
103427
