094431
153420
112434
104446
122431
154431
144408
103404
132444
144421
124445
102432
103407
114445
092428
153428
122405
142432
114441
152439
114431
133434
093422
102446
122435
142421
152434
143430
102431
114401
112430
143420
102436
152436
133424
093441
113431
153420
113426
103404
093432
154428
154435
122432
153434
133403
113438
134445
154444
153406
153406
123430
133438
154433
122421
124427
113420
122431
134409
094409
092432
113422
154440
152434
154438
112447
094445
113432
094447
092408
094422
114448
152434
104407
094420
134407
144407
113437
102440
143427
103408
133439
113432
154403
102409
104440
154408
152425
123435
154431
113442
114420
124448
104438
112435
142430
112448
114428
112405
132436
143400
133400
114401
094436
144424
143444
144402
104426
134409
112422
123429
142431
102433
122444
092426
124439
112400
153406
093442
093423
133434
143440
103440
104421
152440
103400
153440
122421
103434
154423
123420
093431
153442
142402
124448
154404
094404
123429
114421
113433
093444
093424
134421
142425
123434
124435
153439
142434
154402
092431
113448
102440
102422
094446
153435
093433
093444
144434
124446
102420
114434
153447
112440
142405
122405
152425
152445
104445
104426
142436
092432
153443
123444
143434
103429
113408
093436
154442
104439
133406
093441
112445
103425
094427
144421
142439
122437
142425
124447
104447
134447
143439
154445
103432
092431
143407
123405
104437
132408
092420
093432
124422
093409
134402
123442
093422
092448
104403
132435
093409
102430
093435
102427
112420
114429
123441
142431
102407
093407
124409
122445
113402
102445
154433
103445
153424
143404
152424
104428
114440
153427
122408
152424
103421
123400
154443
142432
112405
104447
132445
133403
102407
132402
153409
114436
153432
144436
124448
094445
154441
133433
112436
103405
152406
093438
122433
103404
102430
124428
152441
132435
144400
133404
144447
133401
103427
104448
113447
133442
102439
122406
114436
093429
114424
112431
132400
092438
142445
093433
112437
114433
143422
113409
103421
134435
123400
144441
134431
092403
093441
093446
113443
152435
124423
154440
124431
112433
104444
114445
093443
123404
152426
124407
124445
114440
122446
092445
104424
114430
094403
152400
124434
122409
112432
104401
104443
124439
132445
144400
113407
122434
094403
124406
103409
142438
093423
123422
142445
112420
123428
132428
102429
124442
152446
142402
122430
093408
154442
103428
143442
112406
152409
114430
133447
153444
104435
113437
102443
092434
154423
114400
143437
154409
142427
142437
093404
143430
123429
133426
122446
113409
132433
113405
122430
102442
122439
104405
142433
143426
144420
122402
152436
113436
153443
133444
143407
124425
092409
143446
152404
124433
144442
093435
124421
143438
102421
112430
092439
142424
104442
112427
104447
123438
153404
092402
112428
142444
094425
094407
153444
133438
142437
153422
113423
124445
114401
152425
094404
154403
134408
093404
094442
092407
103445
093438
132401
152421
134440
132446
142421
124448
092444
132429
092426
133406
093439
124421
102429
122437
143407
112439
114402
114434
133437
134401
124435
114441
104445
122427
142409
144434
093436
132402
124437
103442
144425
122446
132447
093430
102433
104439
094437
104407
153432
112434
132439
152435
114426
112407
124400
122404
112404
122441
144435
124438
154429
102404
133429
142444
113425
094436
153421
132402
152445
154405
102430
094431
093445
102407
092429
124448
103441
154436
094402
123403
094439
132428
152434
123443
152404
133406
124448
094422
104446
104430
123444
154439
154423
134426
092443
