92400
92400
92400
92401
92402
92402
92403
92403
92405
92405
92406
92406
92407
92409
92409
92409
92409
92420
92420
92421
92423
92423
92423
92425
92425
92425
92425
92425
92426
92426
92427
92428
92428
92428
92428
92429
92429
92429
92430
92431
92433
92433
92433
92433
92434
92435
92435
92436
92437
92437
92443
92443
92443
92446
92447
92448
93400
93400
93401
93401
93403
93404
93404
93405
93406
93407
93408
93408
93408
93408
93409
93420
93421
93422
93422
93422
93424
93425
93425
93425
93426
93426
93426
93427
93427
93427
93428
93428
93429
93429
93429
93430
93430
93430
93432
93432
93432
93433
93433
93433
93434
93434
93435
93436
93437
93439
93441
93442
93442
93443
93443
93448
94403
94403
94404
94408
94420
94420
94421
94423
94423
94423
94424
94424
94425
94427
94429
94429
94429
94430
94430
94431
94434
94435
94437
94437
94437
94438
94438
94439
94442
94443
94444
94444
94445
94445
94445
94446
94448
102400
102401
102401
102402
102402
102403
102403
102403
102404
102405
102405
102406
102406
102407
102409
102420
102421
102421
102421
102421
102421
102422
102423
102424
102426
102427
102428
102428
102430
102430
102431
102435
102435
102436
102437
102437
102437
102438
102438
102439
102440
102442
102443
102443
102443
102444
102444
102444
102446
102447
102447
102447
103400
103402
103404
103404
103404
103405
103406
103407
103408
103409
103409
103420
103422
103424
103425
103427
103427
103428
103428
103428
103428
103430
103430
103432
103434
103434
103435
103435
103437
103438
103440
103441
103441
103441
103442
103443
103444
103444
103445
103445
103446
103447
103447
103448
104400
104401
104402
104404
104404
104405
104406
104407
104407
104407
104409
104420
104421
104424
104428
104428
104429
104429
104430
104431
104432
104433
104433
104433
104435
104435
104435
104437
104438
104438
104438
104440
104441
104441
104442
104442
104444
104445
104445
104446
112401
112401
112402
112402
112403
112404
112405
112405
112406
112406
112407
112407
112407
112408
112408
112408
112420
112421
112422
112423
112423
112425
112425
112429
112430
112430
112431
112432
112432
112432
112432
112434
112435
112435
112435
112436
112438
112439
112440
112441
112442
112443
112444
112447
112448
113400
113401
113401
113402
113403
113403
113404
113404
113405
113406
113407
113408
113408
113409
113409
113421
113422
113423
113423
113425
113425
113426
113426
113426
113427
113428
113429
113429
113429
113430
113432
113432
113433
113434
113436
113436
113436
113436
113436
113438
113438
113440
113440
113441
113444
113444
113446
113446
113446
113446
113447
114400
114401
114401
114403
114403
114403
114404
114404
114408
114408
114420
114421
114421
114421
114422
114424
114425
114425
114426
114427
114427
114430
114435
114435
114435
114436
114436
114437
114438
114438
114439
114439
114441
114443
114445
114445
114446
114447
114447
114448
122400
122401
122401
122402
122402
122402
122403
122403
122404
122406
122407
122408
122409
122409
122420
122420
122421
122422
122423
122423
122423
122424
122425
122425
122425
122426
122426
122429
122430
122430
122431
122431
122431
122431
122433
122435
122435
122438
122439
122439
122440
122441
122441
122443
122443
122444
122445
122448
122448
123401
123402
123403
123405
123406
123406
123407
123408
123408
123409
123409
123409
123420
123420
123421
123423
123424
123424
123425
123425
123425
123426
123429
123429
123429
123429
123431
123431
123435
123435
123435
123437
123441
123442
123442
123444
123444
123445
123446
123448
123448
123448
124400
124401
124401
124401
124403
124403
124404
124405
124407
124407
124420
124425
124426
124427
124427
124427
124432
124433
124434
124435
124435
124435
124437
124437
124437
124439
124439
124439
124440
124442
124443
124443
124444
124444
124444
124445
124447
124448
132402
132402
132404
132405
132406
132407
132408
132409
132420
132421
132421
132422
132423
132423
132425
132426
132426
132426
132427
132427
132427
132427
132428
132428
132428
132428
132429
132432
132432
132433
132433
132434
132436
132436
132437
132438
132439
132442
132443
132445
132447
132447
133400
133401
133401
133402
133404
133405
133406
133406
133408
133409
133409
133409
133409
133422
133422
133423
133425
133425
133426
133428
133429
133431
133431
133431
133432
133433
133434
133435
133436
133436
133438
133438
133439
133441
133441
133443
133443
133444
133445
133445
133445
133445
133446
133447
133448
133448
134401
134404
134404
134405
134405
134406
134407
134422
134423
134426
134426
134426
134426
134428
134428
134430
134430
134432
134432
134434
134435
134435
134436
134437
134438
134438
134439
134441
134442
134442
134442
134443
134443
134444
134444
134444
134444
134445
134445
134445
134445
134446
134447
134447
142400
142401
142402
142403
142404
142404
142404
142405
142405
142406
142408
142408
142408
142409
142409
142409
142409
142420
142421
142421
142421
142422
142424
142425
142425
142425
142426
142426
142426
142428
142429
142430
142430
142431
142431
142433
142433
142434
142434
142435
142437
142439
142439
142439
142440
142441
142442
142442
142446
142446
142447
142448
143400
143400
143402
143402
143404
143404
143405
143405
143405
143406
143406
143406
143406
143407
143408
143408
143420
143421
143421
143423
143423
143424
143425
143426
143427
143428
143429
143430
143431
143433
143433
143433
143434
143435
143438
143439
143440
143440
143441
143441
143442
143442
143442
143442
143443
143444
143445
143446
143448
144401
144401
144402
144403
144403
144404
144405
144407
144407
144408
144408
144408
144409
144420
144420
144421
144421
144422
144423
144424
144425
144427
144427
144428
144428
144429
144430
144431
144431
144432
144432
144435
144435
144435
144436
144437
144437
144437
144437
144438
144438
144438
144439
144440
144440
144441
144441
144441
144442
144442
144443
144444
144445
144446
144448
144448
144448
152400
152401
152403
152404
152405
152405
152405
152405
152409
152409
152420
152421
152421
152423
152423
152424
152424
152425
152426
152429
152430
152430
152431
152434
152434
152435
152435
152435
152436
152438
152440
152440
152441
152442
152443
152443
152443
152445
152446
152446
152446
152447
152447
152447
152447
152447
152448
152448
152448
153400
153400
153401
153401
153401
153402
153403
153403
153404
153404
153405
153406
153407
153420
153420
153420
153420
153421
153422
153422
153422
153423
153423
153424
153424
153424
153425
153426
153427
153427
153427
153428
153429
153429
153429
153430
153431
153432
153432
153433
153433
153433
153435
153436
153436
153436
153437
153438
153438
153439
153440
153443
153444
153445
153446
153446
153447
153448
154400
154400
154401
154401
154401
154402
154402
154405
154407
154408
154408
154409
154420
154420
154420
154421
154421
154422
154423
154424
154427
154428
154428
154429
154430
154431
154431
154435
154436
154437
154437
154438
154438
154439
154439
154440
154440
154442
154442
154443
154443
154443
154444
154445
154445
154445
154447
154447
154447
154448
154448
154448
154448
