92404
92421
92432
92435
92442
93402
93426
94436
94442
94445
94445
102426
102434
102435
102436
102446
103403
103430
103440
103441
103448
104402
104406
104407
104425
104438
104440
104441
104441
104444
112405
112407
112429
112431
113424
113425
113429
113431
113433
113438
113446
114402
114403
114406
114432
114435
114445
122400
122401
122420
122421
122426
122437
122438
122448
123400
123408
123422
123427
124424
124443
124444
124448
132404
132406
132421
132442
133400
133408
133420
133421
133439
134400
134401
134402
134428
134429
142401
142404
142406
142422
142428
142433
142442
143400
143421
143428
143430
143442
144405
144424
152420
153433
153435
154404
154405
154408
154423
154440
154447
