92400
92400
92400
92400
92400
92400
92401
92401
92401
92401
92401
92401
92401
92401
92401
92402
92402
92402
92402
92402
92402
92402
92402
92403
92403
92403
92404
92404
92404
92404
92404
92404
92404
92405
92405
92405
92405
92405
92405
92405
92405
92405
92406
92406
92407
92407
92407
92407
92407
92407
92407
92407
92408
92408
92408
92408
92409
92409
92409
92409
92409
92420
92420
92420
92420
92420
92420
92420
92421
92421
92421
92421
92421
92421
92422
92422
92422
92422
92422
92422
92422
92423
92423
92423
92423
92423
92424
92424
92424
92424
92424
92424
92425
92425
92425
92425
92425
92426
92426
92426
92426
92426
92426
92426
92426
92426
92426
92426
92426
92427
92427
92427
92427
92427
92427
92427
92428
92428
92428
92428
92429
92429
92429
92429
92429
92429
92429
92429
92430
92430
92430
92430
92430
92431
92431
92431
92431
92431
92431
92431
92431
92432
92432
92432
92432
92432
92432
92433
92433
92433
92433
92434
92434
92434
92434
92435
92435
92435
92436
92436
92436
92436
92436
92436
92436
92436
92436
92437
92437
92437
92437
92437
92437
92438
92438
92439
92439
92439
92439
92439
92439
92439
92440
92440
92440
92440
92440
92440
92440
92440
92440
92440
92441
92441
92441
92441
92441
92442
92442
92442
92442
92442
92442
92442
92442
92442
92442
92443
92443
92443
92443
92444
92444
92444
92444
92444
92444
92445
92445
92445
92445
92445
92445
92446
92446
92446
92446
92446
92447
92447
92447
92447
92447
92447
92448
92448
93400
93400
93400
93400
93400
93401
93401
93401
93401
93401
93402
93402
93402
93403
93403
93403
93403
93403
93404
93404
93405
93405
93405
93405
93405
93405
93406
93406
93406
93406
93406
93407
93407
93407
93407
93407
93407
93407
93407
93407
93408
93408
93408
93408
93408
93408
93408
93408
93408
93409
93409
93409
93409
93409
93409
93409
93409
93420
93420
93420
93421
93421
93421
93421
93421
93421
93421
93421
93421
93422
93422
93422
93422
93423
93423
93423
93423
93423
93423
93423
93424
93424
93424
93424
93424
93424
93424
93425
93425
93425
93425
93425
93425
93426
93426
93427
93427
93427
93427
93427
93427
93427
93427
93427
93427
93428
93428
93428
93428
93429
93429
93429
93429
93429
93429
93430
93430
93430
93430
93430
93431
93431
93431
93431
93431
93431
93431
93432
93432
93432
93432
93432
93432
93432
93432
93432
93433
93433
93433
93433
93433
93433
93433
93434
93434
93434
93434
93434
93434
93435
93435
93435
93435
93435
93435
93435
93436
93436
93436
93436
93436
93436
93436
93437
93437
93437
93437
93437
93437
93438
93438
93438
93438
93439
93439
93439
93439
93439
93439
93440
93440
93440
93441
93441
93441
93441
93441
93441
93441
93441
93442
93442
93442
93443
93443
93443
93443
93444
93444
93445
93445
93445
93445
93445
93445
93445
93445
93446
93446
93446
93446
93446
93446
93446
93446
93447
93447
93447
93447
93447
93447
93447
93447
93447
93448
93448
93448
93448
93448
93448
94400
94400
94400
94400
94400
94400
94401
94401
94401
94401
94401
94401
94401
94401
94401
94402
94402
94402
94402
94402
94402
94403
94403
94403
94403
94403
94403
94403
94404
94404
94404
94404
94404
94405
94405
94405
94405
94405
94405
94405
94405
94406
94406
94406
94406
94407
94407
94407
94407
94408
94408
94408
94408
94408
94408
94408
94409
94409
94409
94409
94409
94409
94409
94420
94420
94420
94420
94420
94420
94420
94420
94421
94421
94421
94421
94421
94422
94422
94422
94422
94422
94422
94423
94423
94423
94423
94424
94424
94424
94424
94424
94425
94425
94425
94425
94425
94425
94425
94425
94425
94426
94426
94426
94426
94426
94427
94427
94427
94427
94428
94428
94428
94428
94428
94428
94428
94428
94429
94429
94429
94429
94429
94429
94429
94430
94430
94430
94430
94430
94430
94431
94431
94431
94431
94431
94431
94431
94431
94431
94431
94431
94431
94432
94432
94432
94432
94432
94432
94432
94432
94432
94432
94432
94433
94433
94433
94433
94433
94433
94433
94433
94434
94434
94434
94434
94434
94434
94434
94434
94435
94435
94435
94435
94435
94435
94435
94436
94436
94436
94436
94436
94436
94436
94436
94436
94437
94437
94437
94437
94437
94437
94437
94437
94437
94438
94438
94438
94438
94439
94439
94440
94440
94440
94440
94440
94440
94441
94441
94441
94441
94441
94441
94441
94441
94441
94442
94442
94442
94442
94442
94443
94443
94443
94443
94443
94443
94443
94443
94444
94444
94444
94444
94444
94444
94444
94444
94444
94445
94445
94445
94446
94446
94446
94446
94446
94447
94447
94447
94447
94447
94447
94448
94448
94448
94448
102400
102400
102400
102401
102401
102401
102401
102401
102402
102402
102402
102402
102402
102402
102403
102403
102403
102403
102403
102403
102403
102404
102404
102404
102404
102404
102404
102405
102405
102405
102405
102405
102405
102405
102406
102406
102406
102406
102406
102407
102407
102407
102407
102407
102407
102408
102408
102408
102408
102408
102408
102409
102409
102409
102409
102409
102420
102420
102420
102420
102421
102421
102422
102422
102422
102422
102422
102422
102423
102423
102423
102423
102423
102423
102424
102424
102424
102425
102425
102425
102425
102425
102425
102425
102425
102426
102426
102426
102426
102426
102426
102426
102427
102427
102427
102427
102427
102427
102428
102428
102428
102428
102428
102428
102428
102429
102429
102429
102429
102429
102429
102429
102429
102429
102429
102429
102430
102430
102430
102430
102430
102430
102430
102430
102430
102430
102430
102430
102430
102430
102431
102431
102431
102431
102431
102431
102431
102431
102431
102432
102432
102432
102432
102433
102433
102433
102433
102433
102434
102434
102434
102434
102434
102434
102434
102435
102435
102435
102435
102435
102435
102435
102435
102435
102436
102436
102437
102437
102437
102437
102437
102438
102438
102439
102439
102439
102440
102440
102440
102440
102440
102440
102441
102441
102441
102441
102441
102442
102442
102442
102442
102442
102442
102443
102443
102443
102443
102443
102443
102443
102443
102443
102444
102444
102444
102445
102445
102445
102445
102445
102445
102445
102446
102446
102446
102446
102446
102446
102446
102446
102447
102447
102447
102448
102448
102448
102448
102448
102448
103400
103400
103401
103401
103401
103401
103401
103401
103402
103402
103402
103402
103402
103403
103403
103403
103403
103403
103404
103404
103404
103404
103404
103405
103405
103405
103405
103405
103405
103406
103406
103407
103407
103407
103407
103407
103408
103408
103408
103408
103408
103408
103408
103408
103409
103409
103409
103409
103409
103420
103420
103420
103420
103421
103421
103421
103421
103422
103423
103423
103423
103423
103423
103423
103423
103424
103424
103424
103424
103424
103424
103424
103424
103425
103425
103425
103425
103425
103425
103425
103425
103425
103425
103426
103426
103426
103426
103426
103426
103426
103426
103427
103427
103427
103427
103427
103428
103428
103428
103428
103428
103428
103428
103428
103428
103428
103429
103429
103429
103429
103429
103429
103429
103429
103429
103429
103429
103430
103430
103430
103430
103430
103430
103430
103430
103430
103431
103431
103431
103431
103431
103431
103431
103432
103432
103432
103432
103432
103433
103433
103433
103433
103433
103433
103434
103434
103434
103434
103434
103434
103434
103435
103435
103435
103435
103435
103435
103435
103436
103436
103436
103436
103436
103436
103436
103436
103436
103436
103436
103436
103437
103437
103437
103437
103437
103437
103437
103438
103438
103439
103439
103439
103439
103440
103440
103440
103440
103440
103440
103440
103440
103441
103441
103441
103441
103441
103441
103442
103442
103443
103443
103443
103443
103443
103444
103444
103444
103444
103444
103444
103445
103445
103445
103445
103446
103446
103447
103447
103447
103447
103448
103448
103448
103448
103448
104400
104400
104400
104400
104400
104400
104400
104401
104401
104401
104401
104402
104402
104402
104402
104402
104402
104402
104402
104403
104403
104403
104403
104403
104403
104404
104404
104404
104404
104404
104404
104405
104405
104405
104405
104405
104405
104405
104406
104406
104406
104406
104407
104407
104407
104407
104407
104407
104408
104408
104408
104408
104408
104408
104408
104408
104408
104409
104409
104409
104409
104409
104409
104409
104420
104420
104420
104420
104420
104420
104421
104421
104421
104421
104421
104422
104422
104422
104423
104423
104423
104423
104424
104424
104424
104424
104425
104425
104425
104426
104426
104426
104426
104427
104427
104427
104427
104427
104427
104427
104428
104428
104428
104428
104428
104428
104428
104429
104429
104429
104429
104429
104429
104429
104430
104430
104430
104430
104430
104430
104430
104430
104430
104431
104431
104432
104432
104432
104433
104433
104433
104433
104433
104433
104434
104434
104434
104434
104434
104434
104435
104435
104435
104435
104435
104435
104436
104436
104436
104436
104436
104436
104436
104436
104436
104436
104437
104437
104437
104437
104437
104437
104438
104438
104438
104438
104438
104438
104438
104439
104439
104439
104439
104439
104439
104440
104440
104440
104440
104440
104440
104440
104440
104440
104440
104440
104441
104441
104441
104441
104441
104441
104441
104442
104442
104442
104442
104442
104442
104443
104443
104443
104444
104444
104444
104444
104444
104444
104444
104444
104445
104445
104445
104445
104445
104445
104445
104446
104446
104446
104446
104446
104446
104447
104447
104447
104447
104447
104447
104447
104447
104448
104448
104448
104448
104448
112400
112400
112400
112400
112400
112401
112401
112401
112401
112401
112401
112401
112402
112402
112402
112402
112402
112402
112402
112402
112402
112403
112403
112403
112403
112403
112403
112403
112403
112403
112404
112404
112404
112404
112404
112404
112405
112405
112405
112405
112405
112406
112406
112406
112407
112407
112407
112408
112408
112408
112408
112409
112409
112409
112409
112409
112409
112409
112420
112420
112420
112420
112420
112420
112420
112420
112420
112421
112421
112421
112421
112422
112422
112422
112422
112422
112422
112422
112422
112422
112422
112423
112423
112423
112423
112423
112423
112424
112424
112424
112424
112424
112425
112425
112425
112425
112425
112425
112426
112426
112426
112426
112426
112426
112427
112427
112428
112428
112428
112429
112429
112429
112429
112429
112429
112429
112429
112429
112429
112430
112430
112430
112430
112430
112430
112430
112430
112431
112431
112431
112431
112431
112431
112431
112432
112433
112433
112433
112433
112434
112434
112434
112434
112435
112435
112435
112435
112435
112436
112436
112436
112436
112436
112436
112436
112436
112436
112437
112437
112437
112438
112438
112438
112438
112438
112438
112439
112439
112439
112439
112439
112439
112440
112440
112440
112440
112440
112440
112440
112440
112441
112441
112441
112441
112441
112441
112441
112441
112441
112442
112442
112442
112442
112442
112443
112443
112443
112443
112443
112443
112443
112443
112443
112444
112444
112444
112444
112444
112444
112444
112444
112445
112445
112445
112445
112445
112445
112445
112446
112446
112446
112446
112446
112447
112447
112447
112447
112448
112448
112448
112448
112448
113400
113400
113400
113400
113400
113400
113400
113400
113400
113400
113400
113400
113401
113401
113401
113401
113401
113401
113401
113401
113402
113402
113402
113402
113402
113402
113402
113403
113403
113403
113403
113403
113404
113404
113405
113405
113405
113406
113406
113406
113406
113406
113406
113406
113406
113407
113407
113407
113408
113408
113408
113408
113408
113408
113408
113408
113408
113409
113409
113409
113409
113409
113420
113420
113420
113420
113420
113420
113420
113420
113421
113421
113421
113421
113421
113421
113421
113421
113421
113421
113421
113422
113422
113422
113422
113423
113423
113423
113423
113423
113423
113424
113424
113424
113424
113424
113424
113424
113424
113424
113424
113424
113425
113425
113425
113425
113425
113425
113425
113425
113426
113426
113426
113426
113426
113426
113426
113426
113426
113426
113427
113427
113427
113428
113428
113428
113428
113428
113429
113429
113429
113430
113430
113430
113431
113431
113431
113431
113432
113432
113432
113432
113432
113433
113433
113433
113433
113433
113433
113434
113434
113434
113434
113434
113434
113435
113435
113435
113435
113436
113436
113436
113437
113437
113437
113437
113437
113437
113438
113438
113438
113438
113438
113438
113438
113438
113439
113439
113439
113439
113439
113439
113439
113440
113440
113440
113440
113440
113441
113441
113441
113441
113442
113442
113442
113442
113442
113442
113442
113442
113442
113442
113442
113442
113443
113443
113443
113443
113443
113443
113443
113443
113443
113443
113443
113444
113445
113445
113445
113445
113445
113445
113445
113445
113446
113446
113446
113446
113446
113446
113447
113447
113447
113447
113447
113447
113448
113448
113448
114400
114400
114400
114400
114400
114400
114401
114401
114401
114401
114401
114402
114402
114402
114402
114402
114403
114403
114403
114403
114403
114403
114404
114404
114404
114404
114405
114405
114405
114405
114405
114405
114405
114406
114406
114406
114406
114407
114407
114407
114407
114407
114408
114408
114408
114408
114408
114408
114408
114409
114409
114420
114420
114420
114420
114420
114420
114421
114421
114421
114421
114421
114421
114421
114421
114421
114421
114421
114421
114422
114422
114422
114422
114423
114423
114423
114423
114423
114423
114424
114424
114424
114424
114424
114424
114424
114425
114425
114425
114425
114425
114425
114425
114425
114426
114426
114426
114426
114426
114426
114427
114427
114427
114427
114427
114427
114427
114428
114428
114428
114429
114429
114430
114431
114431
114431
114431
114431
114432
114432
114432
114432
114432
114432
114432
114432
114432
114432
114432
114433
114433
114433
114433
114433
114434
114434
114434
114434
114434
114434
114434
114434
114434
114435
114435
114435
114435
114435
114435
114435
114435
114435
114435
114435
114436
114436
114436
114437
114437
114437
114437
114438
114438
114438
114438
114438
114438
114438
114438
114439
114439
114439
114439
114439
114440
114440
114440
114440
114440
114440
114440
114440
114441
114441
114441
114441
114441
114441
114442
114442
114442
114442
114442
114442
114442
114443
114443
114443
114443
114443
114443
114443
114443
114443
114443
114444
114444
114444
114444
114444
114444
114445
114445
114445
114445
114445
114445
114445
114445
114445
114445
114445
114446
114446
114446
114446
114446
114446
114447
114447
114447
114447
114447
114447
114447
114447
114448
114448
114448
114448
114448
114448
114448
122400
122400
122400
122400
122400
122400
122400
122400
122401
122401
122401
122401
122402
122402
122402
122402
122402
122403
122403
122403
122403
122403
122403
122404
122404
122404
122404
122405
122405
122405
122405
122405
122406
122406
122406
122406
122406
122406
122406
122406
122406
122406
122407
122407
122407
122407
122407
122407
122407
122407
122407
122407
122408
122408
122408
122409
122409
122409
122420
122420
122420
122420
122420
122421
122421
122421
122421
122421
122421
122421
122421
122421
122421
122421
122422
122422
122422
122422
122422
122423
122423
122423
122423
122423
122423
122423
122424
122424
122424
122424
122424
122424
122424
122424
122424
122425
122425
122425
122425
122425
122426
122426
122426
122426
122426
122426
122427
122427
122427
122427
122427
122428
122428
122428
122428
122428
122428
122428
122429
122429
122429
122430
122430
122430
122430
122430
122430
122430
122431
122431
122431
122431
122431
122431
122431
122431
122432
122432
122432
122432
122432
122432
122432
122432
122432
122432
122434
122434
122434
122434
122434
122435
122435
122435
122435
122436
122436
122436
122436
122436
122436
122436
122437
122437
122437
122437
122437
122437
122437
122437
122437
122437
122437
122437
122437
122438
122438
122438
122438
122438
122438
122439
122439
122439
122439
122439
122439
122439
122439
122439
122439
122440
122440
122441
122441
122441
122441
122441
122441
122442
122442
122442
122442
122442
122442
122442
122442
122442
122443
122443
122443
122443
122443
122443
122443
122443
122443
122443
122444
122444
122444
122444
122445
122445
122445
122445
122445
122445
122445
122445
122445
122445
122446
122446
122446
122447
122447
122447
122447
122447
122448
122448
122448
122448
123400
123400
123400
123400
123400
123400
123401
123401
123401
123401
123401
123401
123401
123402
123402
123402
123402
123402
123402
123403
123403
123403
123403
123403
123403
123404
123404
123404
123404
123404
123404
123404
123405
123405
123405
123405
123405
123405
123406
123406
123406
123406
123406
123406
123406
123407
123407
123407
123407
123407
123408
123408
123408
123408
123408
123409
123409
123409
123409
123420
123420
123420
123420
123420
123420
123421
123421
123421
123421
123421
123421
123421
123421
123421
123422
123422
123422
123422
123422
123422
123423
123423
123423
123423
123423
123423
123423
123423
123423
123424
123424
123424
123424
123424
123425
123425
123425
123425
123425
123425
123425
123425
123426
123426
123427
123427
123427
123427
123427
123427
123427
123427
123428
123428
123429
123429
123429
123429
123430
123430
123430
123430
123430
123430
123431
123431
123431
123431
123432
123432
123432
123432
123432
123432
123433
123433
123433
123434
123434
123434
123434
123434
123434
123435
123435
123435
123435
123435
123435
123436
123436
123436
123436
123436
123436
123437
123437
123437
123437
123437
123438
123438
123438
123438
123439
123439
123439
123439
123439
123439
123439
123439
123439
123439
123440
123440
123440
123440
123440
123440
123440
123440
123440
123440
123441
123441
123441
123441
123441
123441
123441
123441
123441
123441
123441
123442
123442
123442
123442
123442
123443
123443
123443
123443
123443
123444
123444
123444
123444
123444
123444
123445
123445
123445
123445
123445
123445
123445
123445
123446
123446
123446
123446
123446
123446
123446
123446
123447
123447
123447
123447
123447
123447
123448
123448
123448
123448
123448
123448
124400
124400
124400
124400
124400
124400
124400
124400
124401
124401
124401
124401
124401
124401
124401
124401
124402
124402
124403
124403
124403
124403
124403
124403
124404
124404
124404
124404
124404
124404
124404
124404
124405
124405
124405
124405
124405
124405
124405
124406
124406
124406
124406
124406
124406
124406
124407
124407
124407
124407
124407
124408
124408
124408
124409
124409
124409
124409
124409
124420
124420
124420
124421
124421
124421
124421
124421
124421
124421
124421
124421
124422
124422
124422
124422
124422
124422
124422
124423
124423
124423
124423
124423
124423
124423
124423
124423
124424
124425
124425
124425
124425
124425
124425
124426
124426
124426
124426
124426
124426
124426
124427
124427
124427
124427
124427
124428
124428
124428
124428
124428
124428
124429
124429
124429
124429
124429
124429
124430
124430
124430
124430
124430
124430
124431
124431
124431
124431
124431
124431
124432
124432
124432
124432
124432
124432
124432
124433
124433
124433
124433
124434
124434
124434
124434
124435
124435
124435
124435
124435
124435
124435
124436
124436
124436
124436
124436
124436
124436
124437
124437
124437
124437
124438
124438
124438
124438
124438
124438
124438
124438
124438
124438
124439
124439
124439
124440
124440
124440
124440
124440
124441
124441
124441
124441
124441
124441
124442
124442
124442
124442
124442
124442
124443
124443
124443
124443
124443
124443
124443
124443
124444
124444
124444
124444
124444
124444
124445
124445
124445
124445
124445
124445
124445
124446
124446
124446
124447
124447
124447
124447
124447
124447
124447
124447
124448
124448
124448
124448
132400
132400
132400
132400
132400
132401
132401
132401
132401
132401
132402
132402
132402
132402
132402
132403
132403
132403
132403
132404
132404
132404
132404
132404
132405
132405
132405
132405
132405
132405
132406
132406
132406
132406
132406
132406
132406
132406
132406
132407
132407
132407
132407
132408
132408
132408
132408
132409
132409
132409
132409
132409
132409
132420
132420
132420
132421
132421
132421
132421
132422
132422
132422
132422
132422
132422
132422
132422
132422
132423
132423
132423
132423
132424
132424
132424
132424
132424
132424
132425
132425
132425
132425
132425
132425
132425
132425
132425
132426
132426
132426
132426
132427
132427
132427
132427
132427
132427
132427
132427
132427
132427
132427
132427
132427
132427
132428
132428
132428
132428
132428
132428
132428
132429
132429
132429
132429
132429
132429
132429
132430
132430
132430
132430
132430
132431
132431
132431
132432
132432
132432
132432
132432
132432
132432
132432
132432
132432
132432
132432
132433
132434
132434
132434
132434
132434
132434
132434
132435
132435
132435
132435
132435
132435
132436
132436
132436
132436
132436
132436
132436
132436
132436
132437
132437
132437
132437
132437
132437
132437
132437
132438
132438
132438
132439
132439
132439
132439
132439
132439
132439
132440
132440
132440
132440
132440
132441
132441
132441
132441
132441
132442
132442
132442
132442
132442
132442
132443
132443
132443
132443
132443
132443
132444
132444
132444
132444
132444
132444
132444
132444
132444
132445
132445
132445
132445
132446
132446
132446
132446
132446
132446
132446
132446
132447
132447
132447
132448
132448
132448
132448
132448
133400
133400
133401
133401
133401
133401
133401
133401
133402
133402
133402
133402
133402
133402
133403
133403
133403
133403
133403
133403
133404
133404
133404
133404
133404
133404
133404
133405
133405
133405
133405
133406
133406
133407
133407
133407
133407
133407
133407
133407
133407
133407
133408
133408
133408
133409
133409
133409
133409
133409
133409
133420
133420
133420
133420
133420
133420
133420
133420
133421
133421
133421
133421
133421
133421
133421
133421
133421
133421
133422
133422
133422
133422
133422
133423
133423
133423
133423
133423
133423
133423
133423
133423
133424
133424
133424
133424
133425
133425
133425
133425
133425
133426
133426
133426
133426
133426
133427
133427
133427
133427
133427
133427
133428
133428
133428
133429
133429
133429
133429
133429
133429
133429
133429
133429
133430
133430
133430
133430
133430
133430
133430
133431
133431
133431
133431
133431
133431
133431
133432
133432
133432
133432
133432
133432
133432
133432
133433
133433
133433
133433
133434
133434
133434
133434
133435
133435
133435
133435
133435
133435
133435
133435
133435
133435
133435
133435
133435
133436
133436
133436
133436
133436
133436
133436
133436
133437
133437
133437
133437
133437
133437
133437
133437
133437
133437
133437
133437
133438
133438
133439
133439
133439
133439
133439
133439
133439
133439
133440
133440
133440
133440
133440
133440
133440
133440
133440
133441
133441
133441
133441
133441
133441
133441
133441
133441
133442
133442
133442
133442
133442
133443
133443
133443
133444
133444
133444
133444
133444
133444
133445
133445
133445
133445
133445
133445
133446
133446
133446
133446
133446
133446
133446
133446
133447
133447
133447
133447
133447
133447
133447
133447
133447
133448
133448
133448
133448
133448
133448
133448
134400
134400
134400
134400
134400
134400
134400
134400
134400
134401
134401
134401
134401
134402
134402
134402
134402
134402
134403
134403
134403
134403
134403
134403
134403
134403
134403
134403
134403
134404
134404
134404
134404
134404
134404
134404
134404
134404
134404
134405
134405
134405
134405
134405
134405
134405
134406
134406
134406
134406
134406
134406
134406
134406
134406
134406
134406
134407
134407
134407
134408
134409
134409
134409
134420
134420
134420
134420
134420
134420
134420
134420
134420
134420
134420
134420
134420
134421
134421
134421
134421
134422
134422
134422
134423
134423
134423
134423
134423
134423
134423
134423
134423
134424
134424
134424
134424
134424
134424
134424
134424
134424
134424
134424
134425
134425
134425
134425
134425
134425
134426
134427
134427
134427
134427
134427
134427
134428
134428
134428
134428
134428
134428
134428
134428
134428
134429
134429
134429
134430
134430
134430
134430
134430
134430
134431
134431
134431
134431
134431
134431
134432
134432
134432
134432
134432
134433
134433
134433
134433
134433
134434
134434
134434
134434
134434
134435
134435
134435
134435
134435
134436
134436
134436
134436
134436
134436
134436
134436
134437
134437
134437
134437
134437
134437
134438
134438
134438
134438
134438
134438
134439
134439
134439
134439
134439
134439
134439
134439
134439
134440
134440
134440
134440
134440
134440
134440
134440
134441
134441
134441
134441
134442
134442
134442
134442
134442
134442
134442
134442
134442
134443
134443
134443
134444
134444
134444
134444
134444
134445
134445
134445
134445
134446
134446
134446
134446
134446
134446
134446
134447
134447
134447
134447
134447
134447
134447
134447
134447
134448
134448
134448
134448
142400
142400
142400
142400
142400
142401
142401
142401
142401
142402
142402
142402
142402
142402
142402
142402
142402
142403
142403
142404
142404
142404
142404
142404
142404
142404
142404
142405
142405
142405
142405
142405
142406
142406
142406
142406
142406
142406
142407
142407
142407
142407
142408
142408
142408
142408
142408
142409
142409
142409
142409
142409
142409
142409
142420
142420
142420
142420
142420
142421
142421
142421
142422
142422
142422
142422
142422
142422
142422
142422
142422
142422
142423
142423
142423
142423
142423
142423
142423
142424
142424
142424
142424
142424
142424
142424
142424
142424
142425
142425
142425
142425
142426
142426
142426
142426
142426
142427
142427
142427
142427
142427
142427
142428
142428
142428
142428
142428
142428
142429
142429
142429
142429
142429
142429
142430
142430
142430
142430
142430
142430
142430
142430
142431
142431
142431
142431
142431
142432
142432
142432
142432
142432
142433
142433
142433
142434
142434
142434
142434
142434
142434
142434
142435
142435
142435
142435
142435
142436
142436
142436
142436
142436
142436
142436
142436
142437
142437
142437
142437
142438
142438
142438
142438
142438
142438
142438
142439
142439
142439
142439
142439
142440
142440
142440
142441
142441
142441
142441
142441
142441
142441
142441
142441
142441
142441
142442
142442
142442
142442
142442
142442
142442
142442
142443
142443
142443
142443
142443
142443
142443
142443
142444
142444
142444
142445
142445
142445
142445
142445
142445
142445
142445
142446
142446
142446
142446
142446
142447
142447
142447
142447
142447
142447
142447
142448
142448
142448
142448
142448
142448
142448
142448
142448
142448
142448
143400
143400
143400
143400
143401
143401
143401
143401
143401
143401
143402
143402
143403
143403
143403
143403
143403
143404
143404
143404
143404
143404
143404
143404
143404
143404
143405
143405
143405
143405
143406
143406
143406
143406
143406
143406
143407
143407
143407
143408
143408
143408
143408
143408
143408
143408
143408
143408
143409
143409
143409
143409
143409
143409
143420
143420
143420
143420
143420
143420
143421
143421
143421
143421
143421
143421
143421
143421
143422
143422
143422
143423
143423
143423
143423
143423
143423
143423
143423
143424
143424
143424
143424
143424
143424
143424
143425
143425
143425
143425
143425
143425
143425
143425
143425
143425
143426
143426
143426
143426
143427
143427
143427
143427
143427
143428
143428
143428
143428
143428
143428
143429
143429
143429
143429
143429
143429
143429
143430
143430
143430
143430
143431
143431
143431
143431
143431
143431
143431
143431
143431
143431
143432
143432
143432
143432
143433
143433
143433
143433
143433
143433
143434
143434
143434
143434
143434
143434
143435
143435
143435
143435
143435
143435
143436
143436
143436
143436
143436
143436
143436
143437
143437
143437
143437
143437
143437
143438
143438
143438
143438
143439
143439
143439
143439
143439
143439
143439
143439
143439
143439
143439
143439
143440
143440
143440
143440
143441
143441
143441
143441
143441
143441
143441
143441
143441
143442
143442
143442
143442
143442
143442
143443
143443
143443
143443
143443
143444
143444
143444
143444
143444
143444
143444
143445
143445
143445
143445
143446
143446
143447
143447
143447
143447
143448
143448
143448
143448
143448
144400
144400
144400
144400
144400
144401
144401
144401
144401
144401
144401
144401
144402
144402
144402
144402
144402
144402
144403
144403
144403
144403
144403
144403
144403
144403
144404
144404
144404
144405
144405
144405
144405
144405
144406
144406
144406
144406
144406
144406
144406
144406
144406
144407
144407
144407
144407
144407
144407
144407
144407
144407
144408
144408
144408
144408
144409
144409
144409
144409
144409
144409
144409
144409
144409
144409
144420
144420
144420
144420
144420
144421
144421
144421
144421
144421
144421
144421
144422
144422
144422
144422
144422
144422
144422
144422
144423
144423
144423
144423
144423
144423
144423
144423
144423
144424
144424
144424
144424
144424
144425
144425
144425
144425
144425
144425
144425
144425
144426
144426
144426
144427
144427
144427
144427
144427
144427
144427
144427
144427
144428
144428
144428
144428
144428
144428
144429
144429
144429
144429
144429
144429
144429
144429
144430
144430
144430
144430
144430
144430
144430
144431
144431
144431
144431
144431
144432
144432
144432
144432
144433
144433
144433
144433
144433
144433
144433
144433
144433
144433
144433
144434
144434
144434
144434
144434
144434
144434
144434
144434
144435
144435
144435
144435
144435
144435
144435
144435
144435
144435
144435
144436
144436
144436
144436
144437
144437
144437
144437
144437
144437
144437
144437
144438
144438
144438
144438
144438
144438
144438
144438
144439
144439
144439
144439
144439
144439
144440
144440
144440
144440
144440
144440
144440
144440
144440
144441
144441
144441
144441
144441
144441
144441
144442
144442
144442
144443
144443
144443
144443
144444
144444
144444
144444
144445
144445
144445
144445
144445
144445
144446
144446
144446
144446
144446
144446
144446
144446
144447
144447
144447
144447
144448
144448
144448
144448
152400
152400
152400
152400
152400
152400
152400
152400
152401
152401
152401
152401
152402
152402
152402
152402
152403
152403
152403
152403
152404
152404
152404
152405
152405
152405
152405
152406
152406
152406
152406
152407
152407
152407
152407
152407
152408
152408
152408
152408
152408
152408
152409
152409
152409
152409
152409
152409
152420
152420
152420
152420
152420
152421
152421
152421
152421
152421
152421
152422
152422
152422
152422
152422
152422
152422
152422
152422
152422
152422
152423
152423
152423
152423
152423
152423
152423
152423
152423
152423
152423
152424
152424
152424
152425
152425
152425
152425
152425
152425
152426
152426
152426
152426
152426
152426
152426
152427
152427
152427
152427
152427
152427
152427
152427
152427
152427
152427
152427
152428
152428
152428
152428
152429
152429
152429
152429
152429
152429
152429
152429
152429
152430
152430
152430
152430
152430
152430
152430
152430
152430
152430
152430
152430
152430
152431
152431
152432
152432
152432
152432
152432
152432
152433
152433
152433
152433
152433
152433
152433
152433
152433
152433
152433
152434
152434
152434
152434
152435
152435
152435
152435
152435
152436
152436
152436
152436
152436
152436
152437
152437
152437
152437
152437
152437
152438
152438
152438
152438
152438
152438
152438
152439
152439
152439
152439
152439
152439
152439
152439
152439
152440
152440
152440
152440
152440
152441
152441
152441
152441
152441
152441
152441
152441
152441
152442
152442
152442
152442
152442
152442
152442
152442
152443
152443
152443
152443
152443
152443
152444
152444
152444
152444
152444
152444
152444
152444
152445
152445
152445
152445
152445
152445
152446
152446
152446
152446
152446
152446
152447
152447
152447
152447
152447
152447
152447
152448
152448
152448
152448
152448
153400
153400
153400
153401
153401
153401
153401
153401
153402
153402
153402
153402
153403
153403
153403
153403
153403
153403
153403
153403
153404
153404
153404
153404
153405
153405
153405
153405
153405
153405
153405
153406
153406
153406
153406
153406
153406
153406
153406
153407
153407
153407
153407
153408
153408
153408
153408
153408
153408
153408
153409
153409
153409
153420
153420
153420
153420
153420
153420
153420
153420
153421
153421
153421
153421
153421
153421
153422
153422
153422
153422
153422
153422
153423
153423
153423
153423
153423
153424
153424
153424
153425
153425
153425
153426
153426
153426
153426
153426
153426
153426
153426
153426
153426
153426
153427
153427
153427
153427
153428
153428
153428
153428
153428
153428
153428
153428
153429
153429
153429
153429
153429
153429
153429
153429
153430
153430
153430
153430
153430
153430
153431
153431
153431
153431
153431
153431
153432
153432
153432
153433
153433
153433
153433
153434
153434
153434
153434
153434
153434
153434
153434
153434
153434
153435
153435
153436
153436
153437
153437
153437
153437
153437
153437
153437
153437
153438
153438
153438
153438
153438
153438
153438
153438
153439
153439
153439
153439
153439
153439
153439
153439
153440
153440
153440
153440
153440
153440
153440
153440
153440
153440
153441
153441
153441
153441
153441
153441
153441
153442
153442
153442
153442
153442
153442
153443
153443
153443
153443
153443
153443
153443
153443
153443
153443
153444
153444
153445
153445
153445
153445
153446
153446
153446
153446
153446
153446
153446
153446
153446
153447
153447
153447
153447
153447
153447
153448
153448
153448
153448
153448
153448
153448
153448
153448
153448
154400
154400
154400
154400
154400
154400
154400
154400
154400
154401
154401
154401
154402
154402
154402
154402
154402
154403
154403
154403
154403
154403
154403
154403
154404
154404
154404
154404
154404
154404
154405
154405
154405
154405
154405
154406
154406
154406
154406
154407
154407
154407
154407
154407
154407
154407
154407
154407
154407
154407
154408
154408
154408
154408
154409
154409
154409
154409
154409
154409
154409
154409
154420
154420
154420
154421
154421
154421
154421
154422
154422
154422
154422
154422
154422
154423
154423
154423
154423
154423
154423
154423
154423
154423
154424
154424
154424
154424
154424
154424
154425
154425
154425
154425
154425
154425
154425
154426
154426
154426
154426
154426
154426
154427
154427
154427
154427
154427
154427
154427
154427
154427
154428
154428
154428
154428
154428
154428
154428
154429
154429
154429
154429
154429
154430
154430
154430
154430
154430
154430
154431
154431
154431
154431
154431
154431
154432
154432
154432
154432
154432
154432
154433
154433
154433
154433
154433
154433
154434
154434
154434
154435
154435
154435
154435
154435
154435
154435
154435
154435
154436
154436
154436
154436
154436
154436
154437
154437
154437
154437
154437
154437
154438
154438
154438
154438
154438
154438
154439
154439
154440
154440
154440
154440
154440
154440
154441
154441
154441
154441
154441
154441
154441
154442
154442
154442
154442
154442
154442
154442
154442
154443
154443
154443
154443
154443
154444
154444
154444
154444
154444
154444
154445
154445
154445
154445
154445
154445
154446
154446
154446
154446
154446
154446
154447
154448
154448
154448
154448
154448
