92400
92402
92403
92405
92405
92406
92407
92421
92422
92425
92430
92432
92435
92441
92442
92443
92447
93400
93401
93402
93406
93408
93408
93421
93422
93424
93427
93432
93434
93435
93436
93437
93438
93438
93440
93443
93443
93444
93447
93448
94401
94403
94403
94404
94404
94407
94407
94408
94408
94409
94421
94423
94423
94423
94424
94425
94426
94427
94437
94437
94439
94440
94442
102401
102402
102404
102405
102420
102425
102430
102432
102433
102433
102436
102436
102437
102438
102439
102440
102440
102440
102441
102443
102444
102445
103400
103404
103404
103405
103406
103406
103408
103409
103420
103420
103423
103424
103424
103427
103428
103430
103431
103431
103431
103432
103433
103434
103434
103435
103438
103439
103440
103441
103442
103444
103444
103445
103445
103447
104404
104405
104408
104422
104423
104428
104429
104431
104433
104436
104437
104440
104440
104441
104443
104443
104443
104447
112400
112400
112402
112403
112404
112404
112405
112406
112406
112407
112409
112421
112422
112422
112425
112426
112431
112435
112435
112435
112437
112437
112437
112438
112441
112444
112446
112447
112447
112448
112448
113402
113403
113407
113408
113408
113421
113422
113424
113432
113432
113432
113433
113434
113435
113437
113439
113442
113443
113443
113443
113444
113447
114400
114401
114405
114406
114406
114421
114422
114427
114429
114430
114431
114431
114433
114434
114437
114440
114441
114443
114444
114444
114446
114447
122400
122402
122404
122404
122406
122407
122407
122408
122409
122409
122421
122424
122429
122431
122432
122432
122433
122434
122434
122435
122440
122441
122442
122442
122443
122443
122445
122445
123401
123403
123403
123406
123408
123409
123420
123421
123428
123428
123429
123429
123432
123433
123433
123438
123440
123441
123446
124400
124401
124402
124404
124405
124406
124408
124409
124420
124420
124422
124422
124427
124428
124430
124434
124439
124441
124442
124443
124445
124446
132400
132400
132400
132400
132402
132404
132406
132406
132406
132406
132423
132424
132424
132425
132426
132428
132429
132432
132432
132433
132436
132438
132438
132438
132439
132441
132442
132443
132444
132444
132448
132448
133401
133403
133406
133421
133422
133422
133424
133426
133430
133431
133432
133432
133434
133435
133436
133437
133439
133441
133445
134403
134403
134404
134405
134405
134408
134420
134420
134424
134427
134427
134429
134429
134432
134435
134436
134437
134437
134440
134444
134445
134445
134446
134448
142401
142402
142404
142404
142405
142405
142406
142409
142420
142421
142425
142425
142425
142426
142428
142429
142432
142432
142433
142436
142436
142441
142443
142444
142446
142446
142447
142447
142447
142448
143403
143405
143408
143409
143423
143425
143426
143428
143428
143429
143431
143432
143433
143435
143435
143440
143444
143446
143447
143448
143448
144400
144403
144405
144420
144421
144422
144423
144423
144425
144427
144428
144431
144432
144432
144435
144437
144440
144441
144443
144446
144447
144448
152400
152402
152409
152424
152424
152425
152426
152427
152427
152429
152429
152429
152433
152437
152439
152440
152441
152442
152445
152446
152448
153402
153402
153403
153404
153404
153405
153408
153408
153423
153425
153425
153426
153428
153432
153433
153433
153436
153437
153440
153440
153441
153448
154400
154401
154401
154402
154402
154403
154403
154407
154421
154422
154425
154428
154428
154429
154431
154434
154434
154436
154437
154437
154438
154440
154440
154443
154444
154446
154447
154448
