154447
154443
154433
154432
154428
154422
154420
154401
153443
153434
153409
153400
152444
152435
152434
152423
152403
144439
144438
143445
143440
143425
143425
143408
143407
143407
143406
142439
142424
142422
142407
142405
142400
134447
134429
134422
134409
133448
133445
133407
133402
133401
132432
132430
132424
132423
132422
132407
132400
124435
124428
124424
123439
123430
123427
123422
123409
122447
122407
114438
114431
114431
114420
113440
113437
113434
113433
113433
113428
113409
112443
112439
112438
112433
112432
112408
104447
104443
104442
104437
104428
104428
104424
104420
103420
103404
102443
102434
94428
94408
94407
94405
94402
94401
93448
93445
93431
93427
92422
92407
