154448
154448
154448
154448
154447
154447
154447
154445
154445
154445
154444
154443
154443
154443
154442
154442
154440
154440
154439
154439
154438
154438
154437
154437
154436
154435
154431
154431
154430
154429
154428
154428
154427
154424
154423
154422
154421
154421
154420
154420
154420
154409
154408
154408
154407
154405
154402
154402
154401
154401
154401
154400
154400
153448
153447
153446
153446
153445
153444
153443
153440
153439
153438
153438
153437
153436
153436
153436
153435
153433
153433
153433
153432
153432
153431
153430
153429
153429
153429
153428
153427
153427
153427
153426
153425
153424
153424
153424
153423
153423
153422
153422
153422
153421
153420
153420
153420
153420
153407
153406
153405
153404
153404
153403
153403
153402
153401
153401
153401
153400
153400
152448
152448
152448
152447
152447
152447
152447
152447
152446
152446
152446
152445
152443
152443
152443
152442
152441
152440
152440
152438
152436
152435
152435
152435
152434
152434
152431
152430
152430
152429
152426
152425
152424
152424
152423
152423
152421
152421
152420
152409
152409
152405
152405
152405
152405
152404
152403
152401
152400
144448
144448
144448
144446
144445
144444
144443
144442
144442
144441
144441
144441
144440
144440
144439
144438
144438
144438
144437
144437
144437
144437
144436
144435
144435
144435
144432
144432
144431
144431
144430
144429
144428
144428
144427
144427
144425
144424
144423
144422
144421
144421
144420
144420
144409
144408
144408
144408
144407
144407
144405
144404
144403
144403
144402
144401
144401
143448
143446
143445
143444
143443
143442
143442
143442
143442
143441
143441
143440
143440
143439
143438
143435
143434
143433
143433
143433
143431
143430
143429
143428
143427
143426
143425
143424
143423
143423
143421
143421
143420
143408
143408
143407
143406
143406
143406
143406
143405
143405
143405
143404
143404
143402
143402
143400
143400
142448
142447
142446
142446
142442
142442
142441
142440
142439
142439
142439
142437
142435
142434
142434
142433
142433
142431
142431
142430
142430
142429
142428
142426
142426
142426
142425
142425
142425
142424
142422
142421
142421
142421
142420
142409
142409
142409
142409
142408
142408
142408
142406
142405
142405
142404
142404
142404
142403
142402
142401
142400
134447
134447
134446
134445
134445
134445
134445
134444
134444
134444
134444
134443
134443
134442
134442
134442
134441
134439
134438
134438
134437
134436
134435
134435
134434
134432
134432
134430
134430
134428
134428
134426
134426
134426
134426
134423
134422
134407
134406
134405
134405
134404
134404
134401
133448
133448
133447
133446
133445
133445
133445
133445
133444
133443
133443
133441
133441
133439
133438
133438
133436
133436
133435
133434
133433
133432
133431
133431
133431
133429
133428
133426
133425
133425
133423
133422
133422
133409
133409
133409
133409
133408
133406
133406
133405
133404
133402
133401
133401
133400
132447
132447
132445
132443
132442
132439
132438
132437
132436
132436
132434
132433
132433
132432
132432
132429
132428
132428
132428
132428
132427
132427
132427
132427
132426
132426
132426
132425
132423
132423
132422
132421
132421
132420
132409
132408
132407
132406
132405
132404
132402
132402
124448
124447
124445
124444
124444
124444
124443
124443
124442
124440
124439
124439
124439
124437
124437
124437
124435
124435
124435
124434
124433
124432
124427
124427
124427
124426
124425
124420
124407
124407
124405
124404
124403
124403
124401
124401
124401
124400
123448
123448
123448
123446
123445
123444
123444
123442
123442
123441
123437
123435
123435
123435
123431
123431
123429
123429
123429
123429
123426
123425
123425
123425
123424
123424
123423
123421
123420
123420
123409
123409
123409
123408
123408
123407
123406
123406
123405
123403
123402
123401
122448
122448
122445
122444
122443
122443
122441
122441
122440
122439
122439
122438
122435
122435
122433
122431
122431
122431
122431
122430
122430
122429
122426
122426
122425
122425
122425
122424
122423
122423
122423
122422
122421
122420
122420
122409
122409
122408
122407
122406
122404
122403
122403
122402
122402
122402
122401
122401
122400
114448
114447
114447
114446
114445
114445
114443
114441
114439
114439
114438
114438
114437
114436
114436
114435
114435
114435
114430
114427
114427
114426
114425
114425
114424
114422
114421
114421
114421
114420
114408
114408
114404
114404
114403
114403
114403
114401
114401
114400
113447
113446
113446
113446
113446
113444
113444
113441
113440
113440
113438
113438
113436
113436
113436
113436
113436
113434
113433
113432
113432
113430
113429
113429
113429
113428
113427
113426
113426
113426
113425
113425
113423
113423
113422
113421
113409
113409
113408
113408
113407
113406
113405
113404
113404
113403
113403
113402
113401
113401
113400
112448
112447
112444
112443
112442
112441
112440
112439
112438
112436
112435
112435
112435
112434
112432
112432
112432
112432
112431
112430
112430
112429
112425
112425
112423
112423
112422
112421
112420
112408
112408
112408
112407
112407
112407
112406
112406
112405
112405
112404
112403
112402
112402
112401
112401
104446
104445
104445
104444
104442
104442
104441
104441
104440
104438
104438
104438
104437
104435
104435
104435
104433
104433
104433
104432
104431
104430
104429
104429
104428
104428
104424
104421
104420
104409
104407
104407
104407
104406
104405
104404
104404
104402
104401
104400
103448
103447
103447
103446
103445
103445
103444
103444
103443
103442
103441
103441
103441
103440
103438
103437
103435
103435
103434
103434
103432
103430
103430
103428
103428
103428
103428
103427
103427
103425
103424
103422
103420
103409
103409
103408
103407
103406
103405
103404
103404
103404
103402
103400
102447
102447
102447
102446
102444
102444
102444
102443
102443
102443
102442
102440
102439
102438
102438
102437
102437
102437
102436
102435
102435
102431
102430
102430
102428
102428
102427
102426
102424
102423
102422
102421
102421
102421
102421
102421
102420
102409
102407
102406
102406
102405
102405
102404
102403
102403
102403
102402
102402
102401
102401
102400
94448
94446
94445
94445
94445
94444
94444
94443
94442
94439
94438
94438
94437
94437
94437
94435
94434
94431
94430
94430
94429
94429
94429
94427
94425
94424
94424
94423
94423
94423
94421
94420
94420
94408
94404
94403
94403
93448
93443
93443
93442
93442
93441
93439
93437
93436
93435
93434
93434
93433
93433
93433
93432
93432
93432
93430
93430
93430
93429
93429
93429
93428
93428
93427
93427
93427
93426
93426
93426
93425
93425
93425
93424
93422
93422
93422
93421
93420
93409
93408
93408
93408
93408
93407
93406
93405
93404
93404
93403
93401
93401
93400
93400
92448
92447
92446
92443
92443
92443
92437
92437
92436
92435
92435
92434
92433
92433
92433
92433
92431
92430
92429
92429
92429
92428
92428
92428
92428
92427
92426
92426
92425
92425
92425
92425
92425
92423
92423
92423
92421
92420
92420
92409
92409
92409
92409
92407
92406
92406
92405
92405
92403
92403
92402
92402
92401
92400
92400
92400
