154448
154448
154448
154448
154448
154447
154446
154446
154446
154446
154446
154446
154445
154445
154445
154445
154445
154445
154444
154444
154444
154444
154444
154444
154443
154443
154443
154443
154443
154442
154442
154442
154442
154442
154442
154442
154442
154441
154441
154441
154441
154441
154441
154441
154440
154440
154440
154440
154440
154440
154439
154439
154438
154438
154438
154438
154438
154438
154437
154437
154437
154437
154437
154437
154436
154436
154436
154436
154436
154436
154435
154435
154435
154435
154435
154435
154435
154435
154435
154434
154434
154434
154433
154433
154433
154433
154433
154433
154432
154432
154432
154432
154432
154432
154431
154431
154431
154431
154431
154431
154430
154430
154430
154430
154430
154430
154429
154429
154429
154429
154429
154428
154428
154428
154428
154428
154428
154428
154427
154427
154427
154427
154427
154427
154427
154427
154427
154426
154426
154426
154426
154426
154426
154425
154425
154425
154425
154425
154425
154425
154424
154424
154424
154424
154424
154424
154423
154423
154423
154423
154423
154423
154423
154423
154423
154422
154422
154422
154422
154422
154422
154421
154421
154421
154421
154420
154420
154420
154409
154409
154409
154409
154409
154409
154409
154409
154408
154408
154408
154408
154407
154407
154407
154407
154407
154407
154407
154407
154407
154407
154407
154406
154406
154406
154406
154405
154405
154405
154405
154405
154404
154404
154404
154404
154404
154404
154403
154403
154403
154403
154403
154403
154403
154402
154402
154402
154402
154402
154401
154401
154401
154400
154400
154400
154400
154400
154400
154400
154400
154400
153448
153448
153448
153448
153448
153448
153448
153448
153448
153448
153447
153447
153447
153447
153447
153447
153446
153446
153446
153446
153446
153446
153446
153446
153446
153445
153445
153445
153445
153444
153444
153443
153443
153443
153443
153443
153443
153443
153443
153443
153443
153442
153442
153442
153442
153442
153442
153441
153441
153441
153441
153441
153441
153441
153440
153440
153440
153440
153440
153440
153440
153440
153440
153440
153439
153439
153439
153439
153439
153439
153439
153439
153438
153438
153438
153438
153438
153438
153438
153438
153437
153437
153437
153437
153437
153437
153437
153437
153436
153436
153435
153435
153434
153434
153434
153434
153434
153434
153434
153434
153434
153434
153433
153433
153433
153433
153432
153432
153432
153431
153431
153431
153431
153431
153431
153430
153430
153430
153430
153430
153430
153429
153429
153429
153429
153429
153429
153429
153429
153428
153428
153428
153428
153428
153428
153428
153428
153427
153427
153427
153427
153426
153426
153426
153426
153426
153426
153426
153426
153426
153426
153426
153425
153425
153425
153424
153424
153424
153423
153423
153423
153423
153423
153422
153422
153422
153422
153422
153422
153421
153421
153421
153421
153421
153421
153420
153420
153420
153420
153420
153420
153420
153420
153409
153409
153409
153408
153408
153408
153408
153408
153408
153408
153407
153407
153407
153407
153406
153406
153406
153406
153406
153406
153406
153406
153405
153405
153405
153405
153405
153405
153405
153404
153404
153404
153404
153403
153403
153403
153403
153403
153403
153403
153403
153402
153402
153402
153402
153401
153401
153401
153401
153401
153400
153400
153400
152448
152448
152448
152448
152448
152447
152447
152447
152447
152447
152447
152447
152446
152446
152446
152446
152446
152446
152445
152445
152445
152445
152445
152445
152444
152444
152444
152444
152444
152444
152444
152444
152443
152443
152443
152443
152443
152443
152442
152442
152442
152442
152442
152442
152442
152442
152441
152441
152441
152441
152441
152441
152441
152441
152441
152440
152440
152440
152440
152440
152439
152439
152439
152439
152439
152439
152439
152439
152439
152438
152438
152438
152438
152438
152438
152438
152437
152437
152437
152437
152437
152437
152436
152436
152436
152436
152436
152436
152435
152435
152435
152435
152435
152434
152434
152434
152434
152433
152433
152433
152433
152433
152433
152433
152433
152433
152433
152433
152432
152432
152432
152432
152432
152432
152431
152431
152430
152430
152430
152430
152430
152430
152430
152430
152430
152430
152430
152430
152430
152429
152429
152429
152429
152429
152429
152429
152429
152429
152428
152428
152428
152428
152427
152427
152427
152427
152427
152427
152427
152427
152427
152427
152427
152427
152426
152426
152426
152426
152426
152426
152426
152425
152425
152425
152425
152425
152425
152424
152424
152424
152423
152423
152423
152423
152423
152423
152423
152423
152423
152423
152423
152422
152422
152422
152422
152422
152422
152422
152422
152422
152422
152422
152421
152421
152421
152421
152421
152421
152420
152420
152420
152420
152420
152409
152409
152409
152409
152409
152409
152408
152408
152408
152408
152408
152408
152407
152407
152407
152407
152407
152406
152406
152406
152406
152405
152405
152405
152405
152404
152404
152404
152403
152403
152403
152403
152402
152402
152402
152402
152401
152401
152401
152401
152400
152400
152400
152400
152400
152400
152400
152400
144448
144448
144448
144448
144447
144447
144447
144447
144446
144446
144446
144446
144446
144446
144446
144446
144445
144445
144445
144445
144445
144445
144444
144444
144444
144444
144443
144443
144443
144443
144442
144442
144442
144441
144441
144441
144441
144441
144441
144441
144440
144440
144440
144440
144440
144440
144440
144440
144440
144439
144439
144439
144439
144439
144439
144438
144438
144438
144438
144438
144438
144438
144438
144437
144437
144437
144437
144437
144437
144437
144437
144436
144436
144436
144436
144435
144435
144435
144435
144435
144435
144435
144435
144435
144435
144435
144434
144434
144434
144434
144434
144434
144434
144434
144434
144433
144433
144433
144433
144433
144433
144433
144433
144433
144433
144433
144432
144432
144432
144432
144431
144431
144431
144431
144431
144430
144430
144430
144430
144430
144430
144430
144429
144429
144429
144429
144429
144429
144429
144429
144428
144428
144428
144428
144428
144428
144427
144427
144427
144427
144427
144427
144427
144427
144427
144426
144426
144426
144425
144425
144425
144425
144425
144425
144425
144425
144424
144424
144424
144424
144424
144423
144423
144423
144423
144423
144423
144423
144423
144423
144422
144422
144422
144422
144422
144422
144422
144422
144421
144421
144421
144421
144421
144421
144421
144420
144420
144420
144420
144420
144409
144409
144409
144409
144409
144409
144409
144409
144409
144409
144408
144408
144408
144408
144407
144407
144407
144407
144407
144407
144407
144407
144407
144406
144406
144406
144406
144406
144406
144406
144406
144406
144405
144405
144405
144405
144405
144404
144404
144404
144403
144403
144403
144403
144403
144403
144403
144403
144402
144402
144402
144402
144402
144402
144401
144401
144401
144401
144401
144401
144401
144400
144400
144400
144400
144400
143448
143448
143448
143448
143448
143447
143447
143447
143447
143446
143446
143445
143445
143445
143445
143444
143444
143444
143444
143444
143444
143444
143443
143443
143443
143443
143443
143442
143442
143442
143442
143442
143442
143441
143441
143441
143441
143441
143441
143441
143441
143441
143440
143440
143440
143440
143439
143439
143439
143439
143439
143439
143439
143439
143439
143439
143439
143439
143438
143438
143438
143438
143437
143437
143437
143437
143437
143437
143436
143436
143436
143436
143436
143436
143436
143435
143435
143435
143435
143435
143435
143434
143434
143434
143434
143434
143434
143433
143433
143433
143433
143433
143433
143432
143432
143432
143432
143431
143431
143431
143431
143431
143431
143431
143431
143431
143431
143430
143430
143430
143430
143429
143429
143429
143429
143429
143429
143429
143428
143428
143428
143428
143428
143428
143427
143427
143427
143427
143427
143426
143426
143426
143426
143425
143425
143425
143425
143425
143425
143425
143425
143425
143425
143424
143424
143424
143424
143424
143424
143424
143423
143423
143423
143423
143423
143423
143423
143423
143422
143422
143422
143421
143421
143421
143421
143421
143421
143421
143421
143420
143420
143420
143420
143420
143420
143409
143409
143409
143409
143409
143409
143408
143408
143408
143408
143408
143408
143408
143408
143408
143407
143407
143407
143406
143406
143406
143406
143406
143406
143405
143405
143405
143405
143404
143404
143404
143404
143404
143404
143404
143404
143404
143403
143403
143403
143403
143403
143402
143402
143401
143401
143401
143401
143401
143401
143400
143400
143400
143400
142448
142448
142448
142448
142448
142448
142448
142448
142448
142448
142448
142447
142447
142447
142447
142447
142447
142447
142446
142446
142446
142446
142446
142445
142445
142445
142445
142445
142445
142445
142445
142444
142444
142444
142443
142443
142443
142443
142443
142443
142443
142443
142442
142442
142442
142442
142442
142442
142442
142442
142441
142441
142441
142441
142441
142441
142441
142441
142441
142441
142441
142440
142440
142440
142439
142439
142439
142439
142439
142438
142438
142438
142438
142438
142438
142438
142437
142437
142437
142437
142436
142436
142436
142436
142436
142436
142436
142436
142435
142435
142435
142435
142435
142434
142434
142434
142434
142434
142434
142434
142433
142433
142433
142432
142432
142432
142432
142432
142431
142431
142431
142431
142431
142430
142430
142430
142430
142430
142430
142430
142430
142429
142429
142429
142429
142429
142429
142428
142428
142428
142428
142428
142428
142427
142427
142427
142427
142427
142427
142426
142426
142426
142426
142426
142425
142425
142425
142425
142424
142424
142424
142424
142424
142424
142424
142424
142424
142423
142423
142423
142423
142423
142423
142423
142422
142422
142422
142422
142422
142422
142422
142422
142422
142422
142421
142421
142421
142420
142420
142420
142420
142420
142409
142409
142409
142409
142409
142409
142409
142408
142408
142408
142408
142408
142407
142407
142407
142407
142406
142406
142406
142406
142406
142406
142405
142405
142405
142405
142405
142404
142404
142404
142404
142404
142404
142404
142404
142403
142403
142402
142402
142402
142402
142402
142402
142402
142402
142401
142401
142401
142401
142400
142400
142400
142400
142400
134448
134448
134448
134448
134447
134447
134447
134447
134447
134447
134447
134447
134447
134446
134446
134446
134446
134446
134446
134446
134445
134445
134445
134445
134444
134444
134444
134444
134444
134443
134443
134443
134442
134442
134442
134442
134442
134442
134442
134442
134442
134441
134441
134441
134441
134440
134440
134440
134440
134440
134440
134440
134440
134439
134439
134439
134439
134439
134439
134439
134439
134439
134438
134438
134438
134438
134438
134438
134437
134437
134437
134437
134437
134437
134436
134436
134436
134436
134436
134436
134436
134436
134435
134435
134435
134435
134435
134434
134434
134434
134434
134434
134433
134433
134433
134433
134433
134432
134432
134432
134432
134432
134431
134431
134431
134431
134431
134431
134430
134430
134430
134430
134430
134430
134429
134429
134429
134428
134428
134428
134428
134428
134428
134428
134428
134428
134427
134427
134427
134427
134427
134427
134426
134425
134425
134425
134425
134425
134425
134424
134424
134424
134424
134424
134424
134424
134424
134424
134424
134424
134423
134423
134423
134423
134423
134423
134423
134423
134423
134422
134422
134422
134421
134421
134421
134421
134420
134420
134420
134420
134420
134420
134420
134420
134420
134420
134420
134420
134420
134409
134409
134409
134408
134407
134407
134407
134406
134406
134406
134406
134406
134406
134406
134406
134406
134406
134406
134405
134405
134405
134405
134405
134405
134405
134404
134404
134404
134404
134404
134404
134404
134404
134404
134404
134403
134403
134403
134403
134403
134403
134403
134403
134403
134403
134403
134402
134402
134402
134402
134402
134401
134401
134401
134401
134400
134400
134400
134400
134400
134400
134400
134400
134400
133448
133448
133448
133448
133448
133448
133448
133447
133447
133447
133447
133447
133447
133447
133447
133447
133446
133446
133446
133446
133446
133446
133446
133446
133445
133445
133445
133445
133445
133445
133444
133444
133444
133444
133444
133444
133443
133443
133443
133442
133442
133442
133442
133442
133441
133441
133441
133441
133441
133441
133441
133441
133441
133440
133440
133440
133440
133440
133440
133440
133440
133440
133439
133439
133439
133439
133439
133439
133439
133439
133438
133438
133437
133437
133437
133437
133437
133437
133437
133437
133437
133437
133437
133437
133436
133436
133436
133436
133436
133436
133436
133436
133435
133435
133435
133435
133435
133435
133435
133435
133435
133435
133435
133435
133435
133434
133434
133434
133434
133433
133433
133433
133433
133432
133432
133432
133432
133432
133432
133432
133432
133431
133431
133431
133431
133431
133431
133431
133430
133430
133430
133430
133430
133430
133430
133429
133429
133429
133429
133429
133429
133429
133429
133429
133428
133428
133428
133427
133427
133427
133427
133427
133427
133426
133426
133426
133426
133426
133425
133425
133425
133425
133425
133424
133424
133424
133424
133423
133423
133423
133423
133423
133423
133423
133423
133423
133422
133422
133422
133422
133422
133421
133421
133421
133421
133421
133421
133421
133421
133421
133421
133420
133420
133420
133420
133420
133420
133420
133420
133409
133409
133409
133409
133409
133409
133408
133408
133408
133407
133407
133407
133407
133407
133407
133407
133407
133407
133406
133406
133405
133405
133405
133405
133404
133404
133404
133404
133404
133404
133404
133403
133403
133403
133403
133403
133403
133402
133402
133402
133402
133402
133402
133401
133401
133401
133401
133401
133401
133400
133400
132448
132448
132448
132448
132448
132447
132447
132447
132446
132446
132446
132446
132446
132446
132446
132446
132445
132445
132445
132445
132444
132444
132444
132444
132444
132444
132444
132444
132444
132443
132443
132443
132443
132443
132443
132442
132442
132442
132442
132442
132442
132441
132441
132441
132441
132441
132440
132440
132440
132440
132440
132439
132439
132439
132439
132439
132439
132439
132438
132438
132438
132437
132437
132437
132437
132437
132437
132437
132437
132436
132436
132436
132436
132436
132436
132436
132436
132436
132435
132435
132435
132435
132435
132435
132434
132434
132434
132434
132434
132434
132434
132433
132432
132432
132432
132432
132432
132432
132432
132432
132432
132432
132432
132432
132431
132431
132431
132430
132430
132430
132430
132430
132429
132429
132429
132429
132429
132429
132429
132428
132428
132428
132428
132428
132428
132428
132427
132427
132427
132427
132427
132427
132427
132427
132427
132427
132427
132427
132427
132427
132426
132426
132426
132426
132425
132425
132425
132425
132425
132425
132425
132425
132425
132424
132424
132424
132424
132424
132424
132423
132423
132423
132423
132422
132422
132422
132422
132422
132422
132422
132422
132422
132421
132421
132421
132421
132420
132420
132420
132409
132409
132409
132409
132409
132409
132408
132408
132408
132408
132407
132407
132407
132407
132406
132406
132406
132406
132406
132406
132406
132406
132406
132405
132405
132405
132405
132405
132405
132404
132404
132404
132404
132404
132403
132403
132403
132403
132402
132402
132402
132402
132402
132401
132401
132401
132401
132401
132400
132400
132400
132400
132400
124448
124448
124448
124448
124447
124447
124447
124447
124447
124447
124447
124447
124446
124446
124446
124445
124445
124445
124445
124445
124445
124445
124444
124444
124444
124444
124444
124444
124443
124443
124443
124443
124443
124443
124443
124443
124442
124442
124442
124442
124442
124442
124441
124441
124441
124441
124441
124441
124440
124440
124440
124440
124440
124439
124439
124439
124438
124438
124438
124438
124438
124438
124438
124438
124438
124438
124437
124437
124437
124437
124436
124436
124436
124436
124436
124436
124436
124435
124435
124435
124435
124435
124435
124435
124434
124434
124434
124434
124433
124433
124433
124433
124432
124432
124432
124432
124432
124432
124432
124431
124431
124431
124431
124431
124431
124430
124430
124430
124430
124430
124430
124429
124429
124429
124429
124429
124429
124428
124428
124428
124428
124428
124428
124427
124427
124427
124427
124427
124426
124426
124426
124426
124426
124426
124426
124425
124425
124425
124425
124425
124425
124424
124423
124423
124423
124423
124423
124423
124423
124423
124423
124422
124422
124422
124422
124422
124422
124422
124421
124421
124421
124421
124421
124421
124421
124421
124421
124420
124420
124420
124409
124409
124409
124409
124409
124408
124408
124408
124407
124407
124407
124407
124407
124406
124406
124406
124406
124406
124406
124406
124405
124405
124405
124405
124405
124405
124405
124404
124404
124404
124404
124404
124404
124404
124404
124403
124403
124403
124403
124403
124403
124402
124402
124401
124401
124401
124401
124401
124401
124401
124401
124400
124400
124400
124400
124400
124400
124400
124400
123448
123448
123448
123448
123448
123448
123447
123447
123447
123447
123447
123447
123446
123446
123446
123446
123446
123446
123446
123446
123445
123445
123445
123445
123445
123445
123445
123445
123444
123444
123444
123444
123444
123444
123443
123443
123443
123443
123443
123442
123442
123442
123442
123442
123441
123441
123441
123441
123441
123441
123441
123441
123441
123441
123441
123440
123440
123440
123440
123440
123440
123440
123440
123440
123440
123439
123439
123439
123439
123439
123439
123439
123439
123439
123439
123438
123438
123438
123438
123437
123437
123437
123437
123437
123436
123436
123436
123436
123436
123436
123435
123435
123435
123435
123435
123435
123434
123434
123434
123434
123434
123434
123433
123433
123433
123432
123432
123432
123432
123432
123432
123431
123431
123431
123431
123430
123430
123430
123430
123430
123430
123429
123429
123429
123429
123428
123428
123427
123427
123427
123427
123427
123427
123427
123427
123426
123426
123425
123425
123425
123425
123425
123425
123425
123425
123424
123424
123424
123424
123424
123423
123423
123423
123423
123423
123423
123423
123423
123423
123422
123422
123422
123422
123422
123422
123421
123421
123421
123421
123421
123421
123421
123421
123421
123420
123420
123420
123420
123420
123420
123409
123409
123409
123409
123408
123408
123408
123408
123408
123407
123407
123407
123407
123407
123406
123406
123406
123406
123406
123406
123406
123405
123405
123405
123405
123405
123405
123404
123404
123404
123404
123404
123404
123404
123403
123403
123403
123403
123403
123403
123402
123402
123402
123402
123402
123402
123401
123401
123401
123401
123401
123401
123401
123400
123400
123400
123400
123400
123400
122448
122448
122448
122448
122447
122447
122447
122447
122447
122446
122446
122446
122445
122445
122445
122445
122445
122445
122445
122445
122445
122445
122444
122444
122444
122444
122443
122443
122443
122443
122443
122443
122443
122443
122443
122443
122442
122442
122442
122442
122442
122442
122442
122442
122442
122441
122441
122441
122441
122441
122441
122440
122440
122439
122439
122439
122439
122439
122439
122439
122439
122439
122439
122438
122438
122438
122438
122438
122438
122437
122437
122437
122437
122437
122437
122437
122437
122437
122437
122437
122437
122437
122436
122436
122436
122436
122436
122436
122436
122435
122435
122435
122435
122434
122434
122434
122434
122434
122432
122432
122432
122432
122432
122432
122432
122432
122432
122432
122431
122431
122431
122431
122431
122431
122431
122431
122430
122430
122430
122430
122430
122430
122430
122429
122429
122429
122428
122428
122428
122428
122428
122428
122428
122427
122427
122427
122427
122427
122426
122426
122426
122426
122426
122426
122425
122425
122425
122425
122425
122424
122424
122424
122424
122424
122424
122424
122424
122424
122423
122423
122423
122423
122423
122423
122423
122422
122422
122422
122422
122422
122421
122421
122421
122421
122421
122421
122421
122421
122421
122421
122421
122420
122420
122420
122420
122420
122409
122409
122409
122408
122408
122408
122407
122407
122407
122407
122407
122407
122407
122407
122407
122407
122406
122406
122406
122406
122406
122406
122406
122406
122406
122406
122405
122405
122405
122405
122405
122404
122404
122404
122404
122403
122403
122403
122403
122403
122403
122402
122402
122402
122402
122402
122401
122401
122401
122401
122400
122400
122400
122400
122400
122400
122400
122400
114448
114448
114448
114448
114448
114448
114448
114447
114447
114447
114447
114447
114447
114447
114447
114446
114446
114446
114446
114446
114446
114445
114445
114445
114445
114445
114445
114445
114445
114445
114445
114445
114444
114444
114444
114444
114444
114444
114443
114443
114443
114443
114443
114443
114443
114443
114443
114443
114442
114442
114442
114442
114442
114442
114442
114441
114441
114441
114441
114441
114441
114440
114440
114440
114440
114440
114440
114440
114440
114439
114439
114439
114439
114439
114438
114438
114438
114438
114438
114438
114438
114438
114437
114437
114437
114437
114436
114436
114436
114435
114435
114435
114435
114435
114435
114435
114435
114435
114435
114435
114434
114434
114434
114434
114434
114434
114434
114434
114434
114433
114433
114433
114433
114433
114432
114432
114432
114432
114432
114432
114432
114432
114432
114432
114432
114431
114431
114431
114431
114431
114430
114429
114429
114428
114428
114428
114427
114427
114427
114427
114427
114427
114427
114426
114426
114426
114426
114426
114426
114425
114425
114425
114425
114425
114425
114425
114425
114424
114424
114424
114424
114424
114424
114424
114423
114423
114423
114423
114423
114423
114422
114422
114422
114422
114421
114421
114421
114421
114421
114421
114421
114421
114421
114421
114421
114421
114420
114420
114420
114420
114420
114420
114409
114409
114408
114408
114408
114408
114408
114408
114408
114407
114407
114407
114407
114407
114406
114406
114406
114406
114405
114405
114405
114405
114405
114405
114405
114404
114404
114404
114404
114403
114403
114403
114403
114403
114403
114402
114402
114402
114402
114402
114401
114401
114401
114401
114401
114400
114400
114400
114400
114400
114400
113448
113448
113448
113447
113447
113447
113447
113447
113447
113446
113446
113446
113446
113446
113446
113445
113445
113445
113445
113445
113445
113445
113445
113444
113443
113443
113443
113443
113443
113443
113443
113443
113443
113443
113443
113442
113442
113442
113442
113442
113442
113442
113442
113442
113442
113442
113442
113441
113441
113441
113441
113440
113440
113440
113440
113440
113439
113439
113439
113439
113439
113439
113439
113438
113438
113438
113438
113438
113438
113438
113438
113437
113437
113437
113437
113437
113437
113436
113436
113436
113435
113435
113435
113435
113434
113434
113434
113434
113434
113434
113433
113433
113433
113433
113433
113433
113432
113432
113432
113432
113432
113431
113431
113431
113431
113430
113430
113430
113429
113429
113429
113428
113428
113428
113428
113428
113427
113427
113427
113426
113426
113426
113426
113426
113426
113426
113426
113426
113426
113425
113425
113425
113425
113425
113425
113425
113425
113424
113424
113424
113424
113424
113424
113424
113424
113424
113424
113424
113423
113423
113423
113423
113423
113423
113422
113422
113422
113422
113421
113421
113421
113421
113421
113421
113421
113421
113421
113421
113421
113420
113420
113420
113420
113420
113420
113420
113420
113409
113409
113409
113409
113409
113408
113408
113408
113408
113408
113408
113408
113408
113408
113407
113407
113407
113406
113406
113406
113406
113406
113406
113406
113406
113405
113405
113405
113404
113404
113403
113403
113403
113403
113403
113402
113402
113402
113402
113402
113402
113402
113401
113401
113401
113401
113401
113401
113401
113401
113400
113400
113400
113400
113400
113400
113400
113400
113400
113400
113400
113400
112448
112448
112448
112448
112448
112447
112447
112447
112447
112446
112446
112446
112446
112446
112445
112445
112445
112445
112445
112445
112445
112444
112444
112444
112444
112444
112444
112444
112444
112443
112443
112443
112443
112443
112443
112443
112443
112443
112442
112442
112442
112442
112442
112441
112441
112441
112441
112441
112441
112441
112441
112441
112440
112440
112440
112440
112440
112440
112440
112440
112439
112439
112439
112439
112439
112439
112438
112438
112438
112438
112438
112438
112437
112437
112437
112436
112436
112436
112436
112436
112436
112436
112436
112436
112435
112435
112435
112435
112435
112434
112434
112434
112434
112433
112433
112433
112433
112432
112431
112431
112431
112431
112431
112431
112431
112430
112430
112430
112430
112430
112430
112430
112430
112429
112429
112429
112429
112429
112429
112429
112429
112429
112429
112428
112428
112428
112427
112427
112426
112426
112426
112426
112426
112426
112425
112425
112425
112425
112425
112425
112424
112424
112424
112424
112424
112423
112423
112423
112423
112423
112423
112422
112422
112422
112422
112422
112422
112422
112422
112422
112422
112421
112421
112421
112421
112420
112420
112420
112420
112420
112420
112420
112420
112420
112409
112409
112409
112409
112409
112409
112409
112408
112408
112408
112408
112407
112407
112407
112406
112406
112406
112405
112405
112405
112405
112405
112404
112404
112404
112404
112404
112404
112403
112403
112403
112403
112403
112403
112403
112403
112403
112402
112402
112402
112402
112402
112402
112402
112402
112402
112401
112401
112401
112401
112401
112401
112401
112400
112400
112400
112400
112400
104448
104448
104448
104448
104448
104447
104447
104447
104447
104447
104447
104447
104447
104446
104446
104446
104446
104446
104446
104445
104445
104445
104445
104445
104445
104445
104444
104444
104444
104444
104444
104444
104444
104444
104443
104443
104443
104442
104442
104442
104442
104442
104442
104441
104441
104441
104441
104441
104441
104441
104440
104440
104440
104440
104440
104440
104440
104440
104440
104440
104440
104439
104439
104439
104439
104439
104439
104438
104438
104438
104438
104438
104438
104438
104437
104437
104437
104437
104437
104437
104436
104436
104436
104436
104436
104436
104436
104436
104436
104436
104435
104435
104435
104435
104435
104435
104434
104434
104434
104434
104434
104434
104433
104433
104433
104433
104433
104433
104432
104432
104432
104431
104431
104430
104430
104430
104430
104430
104430
104430
104430
104430
104429
104429
104429
104429
104429
104429
104429
104428
104428
104428
104428
104428
104428
104428
104427
104427
104427
104427
104427
104427
104427
104426
104426
104426
104426
104425
104425
104425
104424
104424
104424
104424
104423
104423
104423
104423
104422
104422
104422
104421
104421
104421
104421
104421
104420
104420
104420
104420
104420
104420
104409
104409
104409
104409
104409
104409
104409
104408
104408
104408
104408
104408
104408
104408
104408
104408
104407
104407
104407
104407
104407
104407
104406
104406
104406
104406
104405
104405
104405
104405
104405
104405
104405
104404
104404
104404
104404
104404
104404
104403
104403
104403
104403
104403
104403
104402
104402
104402
104402
104402
104402
104402
104402
104401
104401
104401
104401
104400
104400
104400
104400
104400
104400
104400
103448
103448
103448
103448
103448
103447
103447
103447
103447
103446
103446
103445
103445
103445
103445
103444
103444
103444
103444
103444
103444
103443
103443
103443
103443
103443
103442
103442
103441
103441
103441
103441
103441
103441
103440
103440
103440
103440
103440
103440
103440
103440
103439
103439
103439
103439
103438
103438
103437
103437
103437
103437
103437
103437
103437
103436
103436
103436
103436
103436
103436
103436
103436
103436
103436
103436
103436
103435
103435
103435
103435
103435
103435
103435
103434
103434
103434
103434
103434
103434
103434
103433
103433
103433
103433
103433
103433
103432
103432
103432
103432
103432
103431
103431
103431
103431
103431
103431
103431
103430
103430
103430
103430
103430
103430
103430
103430
103430
103429
103429
103429
103429
103429
103429
103429
103429
103429
103429
103429
103428
103428
103428
103428
103428
103428
103428
103428
103428
103428
103427
103427
103427
103427
103427
103426
103426
103426
103426
103426
103426
103426
103426
103425
103425
103425
103425
103425
103425
103425
103425
103425
103425
103424
103424
103424
103424
103424
103424
103424
103424
103423
103423
103423
103423
103423
103423
103423
103422
103421
103421
103421
103421
103420
103420
103420
103420
103409
103409
103409
103409
103409
103408
103408
103408
103408
103408
103408
103408
103408
103407
103407
103407
103407
103407
103406
103406
103405
103405
103405
103405
103405
103405
103404
103404
103404
103404
103404
103403
103403
103403
103403
103403
103402
103402
103402
103402
103402
103401
103401
103401
103401
103401
103401
103400
103400
102448
102448
102448
102448
102448
102448
102447
102447
102447
102446
102446
102446
102446
102446
102446
102446
102446
102445
102445
102445
102445
102445
102445
102445
102444
102444
102444
102443
102443
102443
102443
102443
102443
102443
102443
102443
102442
102442
102442
102442
102442
102442
102441
102441
102441
102441
102441
102440
102440
102440
102440
102440
102440
102439
102439
102439
102438
102438
102437
102437
102437
102437
102437
102436
102436
102435
102435
102435
102435
102435
102435
102435
102435
102435
102434
102434
102434
102434
102434
102434
102434
102433
102433
102433
102433
102433
102432
102432
102432
102432
102431
102431
102431
102431
102431
102431
102431
102431
102431
102430
102430
102430
102430
102430
102430
102430
102430
102430
102430
102430
102430
102430
102430
102429
102429
102429
102429
102429
102429
102429
102429
102429
102429
102429
102428
102428
102428
102428
102428
102428
102428
102427
102427
102427
102427
102427
102427
102426
102426
102426
102426
102426
102426
102426
102425
102425
102425
102425
102425
102425
102425
102425
102424
102424
102424
102423
102423
102423
102423
102423
102423
102422
102422
102422
102422
102422
102422
102421
102421
102420
102420
102420
102420
102409
102409
102409
102409
102409
102408
102408
102408
102408
102408
102408
102407
102407
102407
102407
102407
102407
102406
102406
102406
102406
102406
102405
102405
102405
102405
102405
102405
102405
102404
102404
102404
102404
102404
102404
102403
102403
102403
102403
102403
102403
102403
102402
102402
102402
102402
102402
102402
102401
102401
102401
102401
102401
102400
102400
102400
94448
94448
94448
94448
94447
94447
94447
94447
94447
94447
94446
94446
94446
94446
94446
94445
94445
94445
94444
94444
94444
94444
94444
94444
94444
94444
94444
94443
94443
94443
94443
94443
94443
94443
94443
94442
94442
94442
94442
94442
94441
94441
94441
94441
94441
94441
94441
94441
94441
94440
94440
94440
94440
94440
94440
94439
94439
94438
94438
94438
94438
94437
94437
94437
94437
94437
94437
94437
94437
94437
94436
94436
94436
94436
94436
94436
94436
94436
94436
94435
94435
94435
94435
94435
94435
94435
94434
94434
94434
94434
94434
94434
94434
94434
94433
94433
94433
94433
94433
94433
94433
94433
94432
94432
94432
94432
94432
94432
94432
94432
94432
94432
94432
94431
94431
94431
94431
94431
94431
94431
94431
94431
94431
94431
94431
94430
94430
94430
94430
94430
94430
94429
94429
94429
94429
94429
94429
94429
94428
94428
94428
94428
94428
94428
94428
94428
94427
94427
94427
94427
94426
94426
94426
94426
94426
94425
94425
94425
94425
94425
94425
94425
94425
94425
94424
94424
94424
94424
94424
94423
94423
94423
94423
94422
94422
94422
94422
94422
94422
94421
94421
94421
94421
94421
94420
94420
94420
94420
94420
94420
94420
94420
94409
94409
94409
94409
94409
94409
94409
94408
94408
94408
94408
94408
94408
94408
94407
94407
94407
94407
94406
94406
94406
94406
94405
94405
94405
94405
94405
94405
94405
94405
94404
94404
94404
94404
94404
94403
94403
94403
94403
94403
94403
94403
94402
94402
94402
94402
94402
94402
94401
94401
94401
94401
94401
94401
94401
94401
94401
94400
94400
94400
94400
94400
94400
93448
93448
93448
93448
93448
93448
93447
93447
93447
93447
93447
93447
93447
93447
93447
93446
93446
93446
93446
93446
93446
93446
93446
93445
93445
93445
93445
93445
93445
93445
93445
93444
93444
93443
93443
93443
93443
93442
93442
93442
93441
93441
93441
93441
93441
93441
93441
93441
93440
93440
93440
93439
93439
93439
93439
93439
93439
93438
93438
93438
93438
93437
93437
93437
93437
93437
93437
93436
93436
93436
93436
93436
93436
93436
93435
93435
93435
93435
93435
93435
93435
93434
93434
93434
93434
93434
93434
93433
93433
93433
93433
93433
93433
93433
93432
93432
93432
93432
93432
93432
93432
93432
93432
93431
93431
93431
93431
93431
93431
93431
93430
93430
93430
93430
93430
93429
93429
93429
93429
93429
93429
93428
93428
93428
93428
93427
93427
93427
93427
93427
93427
93427
93427
93427
93427
93426
93426
93425
93425
93425
93425
93425
93425
93424
93424
93424
93424
93424
93424
93424
93423
93423
93423
93423
93423
93423
93423
93422
93422
93422
93422
93421
93421
93421
93421
93421
93421
93421
93421
93421
93420
93420
93420
93409
93409
93409
93409
93409
93409
93409
93409
93408
93408
93408
93408
93408
93408
93408
93408
93408
93407
93407
93407
93407
93407
93407
93407
93407
93407
93406
93406
93406
93406
93406
93405
93405
93405
93405
93405
93405
93404
93404
93403
93403
93403
93403
93403
93402
93402
93402
93401
93401
93401
93401
93401
93400
93400
93400
93400
93400
92448
92448
92447
92447
92447
92447
92447
92447
92446
92446
92446
92446
92446
92445
92445
92445
92445
92445
92445
92444
92444
92444
92444
92444
92444
92443
92443
92443
92443
92442
92442
92442
92442
92442
92442
92442
92442
92442
92442
92441
92441
92441
92441
92441
92440
92440
92440
92440
92440
92440
92440
92440
92440
92440
92439
92439
92439
92439
92439
92439
92439
92438
92438
92437
92437
92437
92437
92437
92437
92436
92436
92436
92436
92436
92436
92436
92436
92436
92435
92435
92435
92434
92434
92434
92434
92433
92433
92433
92433
92432
92432
92432
92432
92432
92432
92431
92431
92431
92431
92431
92431
92431
92431
92430
92430
92430
92430
92430
92429
92429
92429
92429
92429
92429
92429
92429
92428
92428
92428
92428
92427
92427
92427
92427
92427
92427
92427
92426
92426
92426
92426
92426
92426
92426
92426
92426
92426
92426
92426
92425
92425
92425
92425
92425
92424
92424
92424
92424
92424
92424
92423
92423
92423
92423
92423
92422
92422
92422
92422
92422
92422
92422
92421
92421
92421
92421
92421
92421
92420
92420
92420
92420
92420
92420
92420
92409
92409
92409
92409
92409
92408
92408
92408
92408
92407
92407
92407
92407
92407
92407
92407
92407
92406
92406
92405
92405
92405
92405
92405
92405
92405
92405
92405
92404
92404
92404
92404
92404
92404
92404
92403
92403
92403
92402
92402
92402
92402
92402
92402
92402
92402
92401
92401
92401
92401
92401
92401
92401
92401
92401
92400
92400
92400
92400
92400
92400
