154448
154447
154446
154444
154442
154441
154441
154437
154436
154436
154434
154430
154429
154428
154424
154423
154423
154423
154422
154420
154409
154407
154406
154403
154403
154400
153448
153446
153446
153442
153440
153440
153430
153430
153429
153428
153428
153424
153423
153421
153406
153406
153402
153401
152447
152444
152434
152431
152428
152427
152426
152424
152422
152421
152420
152405
152405
152404
152404
152402
152402
144448
144442
144439
144439
144437
144435
144434
144431
144429
144428
144427
144424
144423
144421
144408
144404
144402
143448
143443
143441
143438
143436
143435
143430
143430
143428
143428
143428
143426
143425
143420
143408
143408
143405
143404
143404
143403
143402
142444
142442
142440
142439
142435
142432
142432
142431
142431
142428
142427
142427
142425
142424
142423
142422
142420
142408
142408
142405
142405
142403
142402
142400
142400
142400
134448
134445
134440
134438
134436
134436
134435
134435
134433
134432
134431
134429
134429
134429
134427
134427
134427
134426
134424
134423
134422
134421
134421
134406
134405
134402
134400
133444
133438
133436
133432
133431
133422
133421
133421
133409
133408
133405
133404
133403
133402
133402
133400
132448
132447
132446
132446
132444
132443
132441
132440
132440
132439
132438
132432
132429
132428
132426
132426
132425
132425
132425
132424
132424
132424
132423
132423
132422
132421
132421
132420
132420
132407
132406
132404
132404
132403
132403
132401
132400
124448
124447
124445
124444
124441
124440
124437
124436
124435
124435
124435
124434
124433
124430
124429
124429
124429
124429
124428
124426
124426
124423
124421
124420
124407
124402
124402
124400
123447
123447
123446
123446
123442
123438
123438
123436
123434
123434
123432
123430
123428
123427
123427
123427
123425
123425
123421
123420
123409
123409
123408
123407
123406
123404
123401
123400
122444
122444
122442
122441
122437
122436
122434
122433
122432
122430
122430
122429
122426
122409
122409
122408
122408
122407
122403
122400
114447
114444
114441
114441
114438
114438
114434
114433
114431
114425
114425
114420
114420
114409
114409
114409
114407
114406
114406
114405
114404
114402
114401
113446
113445
113443
113443
113441
113440
113435
113435
113435
113434
113434
113433
113433
113430
113430
113429
113427
113427
113425
113425
113424
113422
113421
113409
113408
113408
113406
113406
113406
113405
113403
113403
113402
112447
112447
112447
112444
112443
112443
112443
112441
112441
112440
112440
112440
112435
112435
112434
112432
112432
112428
112427
112421
112408
112408
112406
112406
112404
112402
112400
104448
104447
104445
104439
104430
104428
104426
104425
104424
104420
104409
104408
104406
104403
104401
104400
103445
103442
103442
103441
103440
103439
103434
103434
103434
103428
103427
103427
103425
103423
103423
103422
103409
103409
103407
103406
103404
103403
103403
103402
103400
103400
102448
102447
102446
102445
102444
102444
102444
102443
102442
102442
102440
102437
102435
102433
102431
102430
102428
102428
102427
102424
102424
102424
102421
102421
102420
102408
102408
102407
102407
102407
102407
102406
102406
102405
102402
94448
94446
94442
94442
94433
94432
94432
94431
94430
94430
94429
94429
94425
94423
94408
94406
94403
94400
94400
93446
93446
93445
93444
93443
93442
93438
93437
93436
93434
93433
93433
93433
93427
93423
93422
93421
93421
93420
93409
93407
93406
93405
93400
93400
92441
92441
92441
92441
92440
92439
92436
92424
92422
92422
92409
92405
92403
92401
92401
